1.091002821922302246e-01 2.073241770267486572e+00 -7.956243455410003662e-01 -2.366865217685699463e+00 -3.607429787516593933e-01 -1.802533030509948730e+00 3.002913594245910645e+00 3.805831670761108398e-01
1.310829520225524902e+00 3.958869099617004395e+00 2.772284746170043945e+00 -2.757379487156867981e-01 -1.022205621004104614e+00 -1.413667082786560059e+00 4.134394526481628418e+00 9.021734185516834259e-01
-1.281126737594604492e-01 6.600710153579711914e+00 2.258288919925689697e+00 1.763385534286499023e+00 1.830846965312957764e-01 -1.779594987630844116e+00 3.208695828914642334e+00 1.460120022296905518e+00
-4.077368974685668945e-01 3.876565575599670410e+00 1.157182127237319946e+00 -1.878744423389434814e+00 3.364679068326950073e-01 -2.568764328956604004e+00 3.148877799510955811e+00 8.606729805469512939e-01
-2.335035622119903564e+00 -8.891707658767700195e-01 -2.032311618328094482e+00 -9.612652277573943138e-01 8.657485917210578918e-01 -3.074897825717926025e-02 9.290738701820373535e-01 7.585254162549972534e-01
-1.262490749359130859e+00 2.694048732519149780e-01 1.959189444780349731e+00 -8.450458049774169922e-01 -1.404994368553161621e+00 2.132552057504653931e+00 6.532969102263450623e-01 8.578127324581146240e-01
-2.121365845203399658e+00 -1.480814516544342041e-01 7.544306069612503052e-01 -2.433370232582092285e+00 -1.232243061065673828e+00 1.031668301671743393e+00 1.762146651744842529e+00 2.481646686792373657e-01
-2.389950677752494812e-01 -3.600658178329467773e-01 -4.801561608910560608e-01 -2.829143047332763672e+00 -4.284199550747871399e-01 3.017851233482360840e+00 1.924202471971511841e+00 3.330246806144714355e-01
5.946508049964904785e-01 6.416906595230102539e+00 3.626714825630187988e+00 6.469382569193840027e-01 -1.132567167282104492e+00 1.123142451047897339e+00 4.233727693557739258e+00 3.216462492942810059e+00
8.105721324682235718e-01 7.457443952560424805e+00 2.042530238628387451e+00 3.338438630104064941e+00 4.444077834486961365e-01 -7.943199239671230316e-01 3.148584663867950439e+00 1.875463366508483887e+00
6.364751458168029785e-01 3.124621748924255371e+00 1.786611795425415039e+00 -2.271728992462158203e+00 3.997302651405334473e-01 1.372951507568359375e+00 4.725510358810424805e+00 1.630000948905944824e+00
-8.483532443642616272e-01 6.214729785919189453e+00 1.296861946582794189e+00 1.323187768459320068e+00 1.216361939907073975e+00 -7.980283312499523163e-01 3.273769259452819824e+00 2.000574111938476562e+00
-2.342669606208801270e+00 1.839979112148284912e+00 9.780272394418716431e-01 -1.578314006328582764e+00 -5.137596428394317627e-01 5.359850674867630005e-01 2.083418726921081543e+00 6.518278308212757111e-01
-2.257208168506622314e+00 7.664050571620464325e-01 -1.075767137110233307e+00 -1.654994219541549683e+00 -2.074525356292724609e-01 2.776142843067646027e-01 1.435101985931396484e+00 5.435590595006942749e-01
-1.712043762207031250e+00 2.721427202224731445e+00 4.393199384212493896e-01 -1.879512369632720947e+00 6.852911785244941711e-01 7.202277481555938721e-01 2.615039646625518799e+00 9.681021273136138916e-01
-3.009092211723327637e+00 -1.019111841917037964e+00 -1.125784337520599365e+00 -8.453986048698425293e-01 4.327060133218765259e-01 -2.424347028136253357e-01 1.095853149890899658e+00 8.972319662570953369e-01
-9.899081289768218994e-02 4.413224458694458008e+00 3.150501370429992676e+00 5.286089591681957245e-01 -1.252056211233139038e+00 5.425180196762084961e+00 2.539398372173309326e+00 -3.387278020381927490e-01
1.011766936630010605e+00 6.975110054016113281e+00 2.881103396415710449e+00 1.477337658405303955e+00 5.973533913493156433e-01 -1.480901896953582764e+00 5.311147809028625488e+00 1.296737492084503174e+00
1.089930519461631775e+00 6.106186389923095703e+00 1.949045181274414062e+00 7.814347743988037109e-01 -1.822036691009998322e-02 -4.752089790999889374e-01 3.967914342880249023e+00 -2.864591702818870544e-01
-1.080439537763595581e+00 4.109746932983398438e+00 2.071599841117858887e+00 -1.100463308393955231e+00 -1.097489565610885620e+00 -1.385357230901718140e-01 2.222876608371734619e+00 -4.481196701526641846e-01
-6.043843030929565430e+00 -1.197730101644992828e+00 -1.034720174968242645e+00 6.565781831741333008e+00 -7.828980088233947754e-01 -1.149712443351745605e+00 7.081684693694114685e-01 2.529506683349609375e-01
-6.124212741851806641e+00 -3.895388722419738770e+00 -2.356164645403623581e+00 5.242383718490600586e+00 -1.520558632910251617e+00 8.007054030895233154e-01 1.580339521169662476e-01 4.875729195773601532e-01
-5.409232020378112793e+00 -2.769162356853485107e+00 -4.460192508995532990e-01 5.112710237503051758e+00 -1.071192324161529541e+00 1.919355869293212891e+00 -7.480476871132850647e-01 1.186918497085571289e+00
-5.136104226112365723e+00 -3.579465627670288086e+00 -2.589918017387390137e+00 7.656454563140869141e+00 -2.202043712139129639e+00 2.884784936904907227e-01 -5.164975970983505249e-01 4.318398237228393555e-01
1.614638715982437134e-01 3.848680138587951660e+00 3.347091913223266602e+00 2.616169862449169159e-01 -2.085066348314285278e+00 4.336934566497802734e+00 1.815404385328292847e+00 2.285863637924194336e+00
-4.591808319091796875e-01 1.226421147584915161e+00 1.733036041259765625e+00 5.104904472827911377e-01 -2.480690777301788330e+00 1.864707171916961670e+00 1.365592107176780701e-01 1.776842296123504639e+00
-3.257632479071617126e-01 3.189103007316589355e+00 2.636959791183471680e+00 4.248073577880859375e+00 -1.457805782556533813e+00 2.206008076667785645e+00 -6.836290061473846436e-01 2.765975952148437500e+00
8.282384872436523438e-01 7.817303650081157684e-01 -5.761081278324127197e-01 4.047878980636596680e+00 -6.529401838779449463e-01 -9.051453620195388794e-01 6.726726815104484558e-01 6.725297532975673676e-01
-3.961675763130187988e-01 2.364651799201965332e+00 1.905186176300048828e-01 -2.758330106735229492e+00 -1.847669482231140137e-01 -3.493220210075378418e-01 2.223646163940429688e+00 2.039475321769714355e+00
2.661764144897460938e+00 3.894580602645874023e+00 2.146726667881011963e+00 -2.148640789091587067e+00 -1.298936732113361359e+00 1.904501795768737793e+00 3.813924789428710938e+00 1.697908639907836914e+00
5.162775516510009766e-03 5.264214992523193359e+00 1.436391890048980713e+00 -1.213020443916320801e+00 -1.188019126653671265e+00 2.808307856321334839e-02 2.680427193641662598e+00 1.414427995681762695e+00
-2.541060388088226318e+00 1.991462767124176025e+00 -1.172002404928207397e+00 -1.090887367725372314e+00 4.848271384835243225e-01 -1.867985486984252930e+00 1.033932298421859741e+00 1.918275535106658936e+00
4.145753860473632812e+00 -1.953712701797485352e-01 8.015661537647247314e-01 -1.247277647256851196e+00 2.922514677047729492e-01 4.410311818122863770e+00 3.118240237236022949e+00 1.934811890125274658e+00
2.169134080410003662e+00 1.468879267573356628e+00 3.267436146736145020e+00 -3.600839734077453613e+00 -4.862877130508422852e-01 3.061680257320404053e+00 4.816659092903137207e+00 1.695806920528411865e+00
1.788005568087100983e+00 5.077649354934692383e-01 2.677801191806793213e+00 -2.092329740524291992e+00 -4.155011028051376343e-01 3.411004662513732910e+00 2.811529755592346191e+00 2.737420380115509033e+00
1.201949119567871094e-01 1.205271482467651367e-01 1.623697657138109207e+00 -2.364247739315032959e+00 -6.833457648754119873e-01 4.116656839847564697e+00 2.005490481853485107e+00 9.420299232006072998e-01
2.620843127369880676e-01 1.769689768552780151e+00 1.357618659734725952e+00 -2.458667665719985962e+00 -7.138963043689727783e-01 4.733740329742431641e+00 2.837956666946411133e+00 -9.999606013298034668e-01
9.775903709232807159e-01 7.641049474477767944e-01 -9.535609930753707886e-01 -2.145538151264190674e+00 1.337231695652008057e-01 1.576595187187194824e+00 2.533301949501037598e+00 -7.648825095966458321e-01
2.169162034988403320e-01 4.255573153495788574e+00 1.833185970783233643e+00 -1.478821635246276855e+00 -1.521164536476135254e+00 -2.191945612430572510e-01 1.489161074161529541e+00 6.830582320690155029e-01
2.104373931884765625e+00 1.245174150913953781e+00 2.320625424385070801e+00 -1.324669933877885342e+00 -6.929921135306358337e-01 1.148898154497146606e-01 3.322994112968444824e+00 1.622265756130218506e+00
-6.692027151584625244e-01 2.441303730010986328e+00 -4.286799430847167969e-01 -2.531810283660888672e+00 3.353560268878936768e-01 1.141458079218864441e+00 2.143468618392944336e+00 1.397223383188247681e+00
-1.791300177574157715e+00 2.154853641986846924e+00 -1.002741917967796326e+00 -1.050435125827789307e+00 1.672783792018890381e+00 6.410353183746337891e-01 2.655866682529449463e+00 1.476333618164062500e+00
-1.257572591304779053e+00 -1.712954640388488770e-01 -9.948141574859619141e-01 -2.714362680912017822e+00 7.559321522712707520e-01 1.521875530481338501e+00 4.150762632489204407e-01 1.444048464298248291e+00
-1.241768687963485718e+00 3.724687218666076660e+00 2.405850663781166077e-01 -1.337544679641723633e+00 6.172369420528411865e-01 5.239163562655448914e-01 2.894180715084075928e+00 1.739720046520233154e+00
-4.685435295104980469e+00 -1.660829871892929077e+00 -9.103355556726455688e-01 5.379601955413818359e+00 -1.072664178907871246e+00 -1.760719925165176392e+00 4.430832341313362122e-01 8.441875576972961426e-01
-2.956075906753540039e+00 7.110798172652721405e-01 6.020328849554061890e-01 1.933335065841674805e+00 -3.981668427586555481e-01 -1.983362019062042236e+00 1.169636726379394531e+00 -3.992954939603805542e-01
-4.919939637184143066e+00 -3.448150753974914551e-01 -6.081147491931915283e-01 2.848838686943054199e+00 -4.153645932674407959e-01 -2.172405064105987549e+00 1.010411918163299561e+00 2.998745813965797424e-01
-5.244853258132934570e+00 -1.071930527687072754e-01 -7.127005308866500854e-01 8.466933250427246094e+00 -8.493203297257423401e-01 -1.829102694988250732e+00 -2.769339680671691895e-01 8.038876354694366455e-01
-3.915821686387062073e-01 1.699849426746368408e+00 1.800156719982624054e-01 -1.678706020116806030e+00 4.110810980200767517e-01 1.628549396991729736e+00 3.266819596290588379e+00 1.679411768913269043e+00
-3.178081363439559937e-01 2.367658734321594238e+00 9.621260166168212891e-01 -1.478773653507232666e+00 7.288589552044868469e-01 2.004247605800628662e+00 2.811728894710540771e+00 2.664696723222732544e-01
-8.847697675228118896e-01 -7.596706748008728027e-01 -2.947288304567337036e-01 -3.327049255371093750e+00 1.199323952198028564e+00 1.485656559467315674e+00 2.665189430117607117e-01 9.421702027320861816e-01
-8.234322965145111084e-01 1.542312502861022949e+00 3.621857017278671265e-01 -2.730137228965759277e+00 1.068015724420547485e+00 1.069779396057128906e-01 2.561382114887237549e+00 1.254922330379486084e+00
-1.919347643852233887e+00 -2.747084498405456543e-01 -8.054394945502281189e-01 6.062717735767364502e-01 -6.173780858516693115e-01 2.588440254330635071e-01 -2.495904937386512756e-01 8.035588860511779785e-01
-2.705807685852050781e+00 -1.479555398225784302e+00 -3.071910262107849121e+00 1.408049911260604858e+00 9.543301761150360107e-01 -3.826915860176086426e+00 5.891388244926929474e-01 -4.896033033728599548e-01
-2.553151249885559082e+00 4.553370475769042969e-01 -2.669420242309570312e+00 -1.486252248287200928e+00 1.786491453647613525e+00 -3.154729485511779785e+00 2.012404143810272217e+00 4.021492898464202881e-01
1.604969874024391174e-01 1.157046720385551453e+00 8.602789044380187988e-02 -2.602198362350463867e+00 1.728564500808715820e-01 -1.477416187524795532e+00 1.693235903978347778e+00 2.704442441463470459e-01
5.282701611518859863e+00 1.371516928076744080e+00 -1.758194267749786377e+00 2.663646459579467773e+00 5.967399999499320984e-01 -1.728453695774078369e+00 1.498612493276596069e+00 5.164382159709930420e-01
4.103226795792579651e+00 7.999396324157714844e-02 -2.537150859832763672e+00 1.291156232357025146e+00 7.111426815390586853e-01 -1.944463849067687988e+00 6.927536875009536743e-01 7.556617259979248047e-01
1.978130042552947998e-01 1.488408356904983521e+00 -1.401480719447135925e+00 2.171019732952117920e+00 8.005270287394523621e-01 -6.570063233375549316e-01 -8.925712108612060547e-02 -5.243261978030204773e-01
2.244804009795188904e+00 2.060329139232635498e+00 2.489566653966903687e-01 -2.797442197799682617e+00 1.137078106403350830e-01 -1.717853829264640808e+00 1.651697039604187012e+00 1.180469840764999390e+00
-2.431992769241333008e+00 1.636842042207717896e+00 -1.180610060691833496e+00 1.519418418407440186e+00 1.032666057348251343e+00 -1.270076811313629150e+00 -3.990656957030296326e-01 8.204760700464248657e-01
-8.045202791690826416e-01 4.919966697692871094e+00 1.396916568279266357e+00 3.073397874832153320e-01 7.807600721716880798e-01 1.657191932201385498e+00 3.908474445343017578e+00 1.837141931056976318e+00
-1.169940084218978882e+00 2.132584661245346069e+00 1.457207500934600830e+00 -3.055791705846786499e-01 5.813258141279220581e-02 -1.029946655035018921e+00 3.993871808052062988e-01 1.475110709667205811e+00
-9.150774478912353516e-01 7.737846374511718750e-01 4.361560791730880737e-01 4.890719428658485413e-01 8.928859233856201172e-02 -1.187289953231811523e+00 -2.260658964514732361e-01 1.915964305400848389e+00
-2.115903794765472412e-02 1.968055784702301025e+00 -3.218153864145278931e-01 -1.669422447681427002e+00 1.570085525512695312e+00 -1.773573964834213257e+00 1.988223791122436523e-01 5.667770840227603912e-01
-2.382326543331146240e+00 -6.975795924663543701e-01 -1.014570236206054688e+00 -2.887577712535858154e-01 5.092041492462158203e-01 -1.078044474124908447e+00 -8.734759986400604248e-01 1.450264304876327515e-01
-2.920228481292724609e+00 5.631024688482284546e-01 -1.944960951805114746e+00 -1.274410486221313477e+00 1.806053519248962402e+00 -1.864982068538665771e+00 1.850360691547393799e+00 9.930317848920822144e-01
9.639692008495330811e-01 2.428940415382385254e+00 -7.077835649251937866e-01 -5.545550771057605743e-01 1.769315123558044434e+00 -2.375719066709280014e+00 1.682420343160629272e+00 1.138641640543937683e+00
8.046192713081836700e-01 1.089522540569305420e+00 -1.911593154072761536e-01 -2.499221384525299072e+00 4.025800898671150208e-01 1.941152155399322510e+00 1.892365932464599609e+00 7.286956794559955597e-01
1.516796469688415527e+00 1.645693629980087280e-01 -1.277622163295745850e+00 -1.719257235527038574e-01 -1.278288736939430237e-01 9.562351703643798828e-01 4.140842072665691376e-01 -1.507862210273742676e-01
1.778397262096405029e+00 1.149976074695587158e+00 -1.550336927175521851e+00 -1.161614067852497101e+00 5.655237063765525818e-01 7.901135236024856567e-01 2.053802788257598877e+00 -8.594848401844501495e-01
1.326000928878784180e+00 2.820611000061035156e+00 1.675338447093963623e+00 -5.416849851608276367e-01 4.436006173491477966e-01 2.842343568801879883e+00 3.650264382362365723e+00 -1.164820641279220581e-01
-1.116782099008560181e+00 1.564249277114868164e+00 4.689719267189502716e-01 -2.778743624687194824e+00 -9.186801314353942871e-02 9.522599577903747559e-01 1.866637289524078369e+00 1.032424569129943848e+00
-1.689295351505279541e+00 9.140761345624923706e-01 1.660655289888381958e-01 -5.128304213285446167e-01 8.158313035964965820e-01 -1.439408004283905029e+00 -3.913124352693557739e-01 7.617237865924835205e-01
-8.133266270160675049e-01 1.580079436302185059e+00 3.338180333375930786e-01 -2.959143996238708496e+00 1.808852255344390869e-01 5.762532725930213928e-01 1.247980713844299316e+00 1.455615639686584473e+00
-6.835336387157440186e-01 1.922969371080398560e+00 1.847331732511520386e+00 -3.651443123817443848e-02 -1.193269252777099609e+00 5.496596880257129669e-01 1.721069663763046265e+00 9.633535146713256836e-01
6.881648302078247070e-01 -2.318647503852844238e+00 -2.326228141784667969e+00 3.655934333801269531e-02 8.834294378757476807e-01 -1.187417685985565186e+00 -8.970181047916412354e-01 1.176729530096054077e+00
-1.691406548023223877e+00 -2.996087454259395599e+00 -3.562057256698608398e+00 -1.790134519338607788e+00 1.477945476770401001e+00 -1.881088972091674805e+00 -9.447459131479263306e-03 1.113785803318023682e-01
-1.032040446996688843e+00 -3.292202949523925781e-01 -3.273774385452270508e+00 -1.917622625827789307e+00 1.874619901180267334e+00 -2.250659465789794922e+00 1.207700252532958984e+00 -2.441269829869270325e-01
-2.499712765216827393e+00 -3.499276332557201385e+00 -3.838615179061889648e+00 -1.083930909633636475e+00 1.320525951683521271e+00 -1.720249891281127930e+00 -2.899770140647888184e-01 3.673111647367477417e-01
-3.980081439018249512e+00 -2.610793113708496094e-01 5.227670371532440186e-01 3.731699466705322266e+00 -8.782158195972442627e-01 -2.909723162651062012e+00 1.837559342384338379e+00 -6.591060459613800049e-01
-2.027867138385772705e+00 -1.663576096296310425e+00 -9.490930065512657166e-01 1.658738195896148682e+00 4.046104475855827332e-01 -2.708553493022918701e+00 1.266930520534515381e+00 -5.763809382915496826e-01
-1.274012029170989990e+00 -5.659650266170501709e-01 -1.980094730854034424e+00 2.815916836261749268e-01 1.972341835498809814e-01 -1.659356415271759033e+00 1.181165456771850586e+00 -3.304876722395420074e-01
-4.738230347633361816e+00 -2.099870413541793823e+00 -1.472820341587066650e+00 2.539033114910125732e+00 1.814481019973754883e-01 -1.045539289712905884e+00 7.218185961246490479e-01 -4.432187825441360474e-01
4.621938057243824005e-01 2.066970348358154297e+00 2.428537845611572266e+00 6.510108113288879395e-01 -2.279752492904663086e+00 6.450488567352294922e+00 1.137678280472755432e+00 -1.552547521889209747e+00
-2.048178791999816895e+00 -5.884528756141662598e-01 4.420203417539596558e-01 -2.114221304655075073e+00 -5.511160641908645630e-01 2.556880354881286621e+00 5.440228246152400970e-01 8.797396123409271240e-01
-5.001234188675880432e-01 1.494496047496795654e+00 1.491273224353790283e+00 -5.742911398410797119e-01 -2.626209616661071777e+00 3.221953153610229492e+00 3.751770183444023132e-01 1.031208530068397522e+00
1.021324530243873596e+00 2.007172107696533203e+00 2.195018738508224487e+00 4.496792070567607880e-01 -3.093486130237579346e+00 3.541653871536254883e+00 -4.138188213109970093e-01 1.982751190662384033e+00
1.242863833904266357e+00 -1.848061710596084595e+00 -2.717326819896697998e+00 4.433984041213989258e+00 -2.182684764266014099e-01 5.364866495132446289e+00 -7.977521717548370361e-01 -7.874238006770610809e-01
1.374016094952821732e+00 -1.582358360290527344e+00 -1.408296149224042892e+00 4.023710608482360840e+00 -1.455831170082092285e+00 2.518263101577758789e+00 -1.503489434719085693e+00 1.143766157329082489e-01
-5.321501791477203369e-01 -1.530076615512371063e+00 -6.368651911616325378e-01 -1.336459696292877197e+00 -1.392070233821868896e+00 3.303599834442138672e+00 -1.160058975219726562e-01 -6.510285921394824982e-01
-1.102432489395141602e+00 -5.499953031539916992e-02 6.830238401889801025e-01 2.261805921792984009e+00 -1.738748610019683838e+00 6.582409143447875977e-02 -3.992020636796951294e-01 6.391313299536705017e-01
1.741301655769348145e+00 2.588420987129211426e+00 1.072442114353179932e+00 3.080198526382446289e+00 -7.907772660255432129e-01 -1.965625584125518799e-01 1.940697610378265381e+00 1.367146134376525879e+00
1.096579089760780334e+00 3.478478670120239258e+00 3.719652533531188965e+00 -7.329448163509368896e-01 -2.291898973286151886e+00 5.083739519119262695e+00 2.275116384029388428e+00 5.951607078313827515e-01
-9.428314864635467529e-01 2.933432817459106445e+00 1.162379622459411621e+00 2.065476834774017334e+00 -1.505461752414703369e+00 3.655961215496063232e+00 1.283036004751920700e+00 -3.829684257507324219e-01
5.248028561472892761e-01 4.996885418891906738e+00 3.806156396865844727e+00 7.625792920589447021e-02 -2.940272897481918335e+00 2.808611333370208740e+00 2.093541383743286133e+00 2.024424970149993896e+00
-4.015205577015876770e-01 2.111463546752929688e-01 -2.124081701040267944e-01 -3.090694367885589600e+00 9.016940891742706299e-01 3.381756814196705818e-01 1.412125706672668457e+00 1.314242184162139893e+00
1.991425514221191406e+00 -1.128970772027969360e+00 -1.899034142494201660e+00 -3.874803662300109863e+00 2.068070098757743835e-01 2.550416171550750732e+00 1.188294142484664917e+00 1.004666924476623535e+00
4.744385182857513428e+00 5.688950419425964355e-01 -2.014320790767669678e+00 7.423309832811355591e-01 -5.554295182228088379e-01 4.125962536782026291e-01 7.337705641984939575e-01 1.336704671382904053e+00
1.998175680637359619e+00 -5.277028381824493408e-01 -3.372499421238899231e-01 -2.684088587760925293e+00 -6.013369262218475342e-01 1.717137873172760010e+00 1.279712200164794922e+00 1.013729307800531387e+00
3.008637785911560059e+00 -3.942541658878326416e+00 -2.703275322914123535e+00 3.861378431320190430e-01 -6.442207470536231995e-01 4.248433232307434082e+00 -5.110931582748889923e-01 1.723197519779205322e+00
-1.295386135578155518e+00 -2.199001759290695190e+00 -2.690714240074157715e+00 -1.956619262695312500e+00 9.617670178413391113e-01 2.593003571033477783e+00 -4.162989407777786255e-01 1.166352063417434692e+00
4.126066602766513824e-01 -9.357251226902008057e-01 -6.541770100593566895e-01 -1.551854908466339111e+00 -1.334393098950386047e-01 3.160796642303466797e+00 -9.826198220252990723e-02 1.489934742450714111e+00
-2.899949997663497925e-01 -1.542200386524200439e+00 -1.756969809532165527e+00 -2.570512831211090088e+00 4.427621364593505859e-01 2.222618937492370605e+00 1.612884998321533203e-01 9.768844842910766602e-01
2.635890424251556396e+00 -9.625613689422607422e-03 -1.691129505634307861e+00 2.550323843955993652e+00 5.686393976211547852e-01 -1.286481440067291260e+00 3.514374420046806335e-01 -1.569301187992095947e-01
3.871218442916870117e+00 -8.613695800304412842e-01 -3.884910345077514648e-01 5.769109487533569336e+00 -1.448455065488815308e+00 3.785275965929031372e-01 -1.126437306404113770e+00 -3.715524077415466309e-02
1.699382662773132324e+00 -9.870011806488037109e-01 -1.816944956779479980e+00 3.746634125709533691e+00 -8.570870459079742432e-01 3.038373947143554688e+00 3.484411314129829407e-01 -1.539966970682144165e+00
2.378434240818023682e+00 -1.491925098001956940e+00 -3.244059801101684570e+00 5.921083927154541016e+00 -1.386453509330749512e+00 -2.672863841056823730e+00 -8.862888813018798828e-01 -8.023928701877593994e-01
2.452941417694091797e+00 6.409136652946472168e-01 -1.911920234560966492e+00 7.502736091613769531e+00 -3.719244077801704407e-01 -2.004931986331939697e+00 5.816350430250167847e-01 -1.521813437342643738e+00
4.227942287921905518e+00 3.082500934600830078e+00 1.147208333015441895e+00 7.540527582168579102e+00 -4.201928853988647461e+00 -6.888179183006286621e-01 1.108919978141784668e-01 -7.142987847328186035e-01
4.979731202125549316e+00 1.021446708589792252e+00 -1.071681827306747437e+00 6.335994720458984375e+00 -2.637621760368347168e+00 -1.005128622055053711e+00 1.208794578909873962e+00 -1.640560150146484375e+00
2.092477619647979736e+00 1.649830520153045654e+00 2.380584001541137695e+00 3.111545920372009277e+00 -2.236134052276611328e+00 -4.304652214050292969e-01 1.121189057826995850e+00 7.971529215574264526e-01
9.621139317750930786e-01 -2.254792682826519012e+00 -2.094131112098693848e+00 -2.125477731227874756e+00 2.795890495181083679e-01 3.963808536529541016e+00 3.099120855331420898e-01 1.060179203748703003e+00
2.488544583320617676e-01 -1.245002448558807373e+00 -1.593405246734619141e+00 -3.631921887397766113e+00 7.702256143093109131e-01 4.417859077453613281e+00 5.834073275327682495e-01 1.167846500873565674e+00
1.613431930541992188e+00 -9.857146143913269043e-01 -1.812074124813079834e+00 -4.857106089591979980e+00 1.229483664035797119e+00 4.792334914207458496e+00 1.271416008472442627e+00 1.173411607742309570e+00
3.256403356790542603e-01 1.698431372642517090e-01 -5.664522647857666016e-01 -3.048828840255737305e+00 6.361286938190460205e-01 2.647962808609008789e+00 2.125951468944549561e+00 1.192204117774963379e+00
-1.630667224526405334e-01 -6.007151901721954346e-01 -1.402054905891418457e+00 -3.516741275787353516e+00 8.861364051699638367e-02 4.822282046079635620e-01 1.016369879245758057e+00 1.019083663821220398e+00
2.977902293205261230e-01 -1.791904449462890625e+00 -2.526513099670410156e+00 -1.837927103042602539e-01 -4.261910170316696167e-02 -5.002468824386596680e-03 -7.754000201821327209e-01 1.511829078197479248e+00
6.256458163261413574e-02 7.342076897621154785e-01 -9.047307968139648438e-01 -2.370961725711822510e+00 5.589079409837722778e-01 -1.216132372617721558e+00 1.340045869350433350e+00 1.070425719022750854e+00
1.119678914546966553e-01 -1.607217058539390564e+00 -8.193832039833068848e-01 -1.803689986467361450e+00 4.097981303930282593e-01 -1.093708723783493042e+00 2.153445482254028320e-01 2.893645614385604858e-01
