1.105682969093322754e+00 -1.344972014427185059e+00 -5.529302358627319336e-01 -3.291952133178710938e+00 2.431374549865722656e+00 5.700894355773925781e+00 -6.867909431457519531e-01 8.109961748123168945e-01
7.525464296340942383e-01 -1.964393973350524902e+00 -1.852682977914810181e-01 -3.342519760131835938e+00 1.602878689765930176e+00 4.070923805236816406e+00 7.891819477081298828e-01 5.998141169548034668e-01
-2.202459871768951416e-01 -8.801609277725219727e-01 1.054809093475341797e+00 -2.127846956253051758e+00 1.344572901725769043e+00 2.007066011428833008e+00 -6.002219319343566895e-01 5.732107535004615784e-02
3.607490777969360352e+00 -3.917579948902130127e-01 2.784077823162078857e-02 1.024586558341979980e+00 1.050821423530578613e+00 8.872917294502258301e-01 1.516114622354507446e-01 -1.728801488876342773e+00
-4.435037612915039062e+00 -2.651614427566528320e+00 2.795481681823730469e-01 2.724875926971435547e+00 6.881761550903320312e-02 -1.827361941337585449e+00 1.467101216316223145e+00 -2.078614234924316406e-01
2.042280912399291992e+00 -4.152955114841461182e-01 -6.596334278583526611e-02 -1.752129435539245605e+00 1.942584156990051270e+00 -2.734168767929077148e+00 6.810750961303710938e-01 3.262778222560882568e-01
-1.338324666023254395e+00 -1.710685849189758301e+00 5.138602256774902344e-01 -2.366186618804931641e+00 9.194929599761962891e-01 4.222300529479980469e+00 8.158579468727111816e-03 -1.153840780258178711e+00
-4.586847305297851562e+00 -2.750986814498901367e+00 7.358170747756958008e-01 4.284277260303497314e-01 -9.221030473709106445e-01 -3.388603925704956055e-01 1.525762438774108887e+00 -7.881169319152832031e-01
-2.329648256301879883e+00 4.730992019176483154e-01 9.710151553153991699e-01 -1.700408577919006348e+00 -6.502927839756011963e-02 -9.100064635276794434e-02 1.309151798486709595e-01 -5.324195027351379395e-01
-2.343147039413452148e+00 -2.643357038497924805e+00 -1.777074933052062988e+00 -2.780147075653076172e+00 2.126688480377197266e+00 -2.858360767364501953e+00 1.581271767616271973e+00 -1.252196311950683594e+00
-2.671157836914062500e+00 -1.260559678077697754e+00 2.739427387714385986e-01 -4.311602413654327393e-01 -1.375771641731262207e+00 5.152987837791442871e-01 2.806847989559173584e-01 -7.748864293098449707e-01
-1.267899632453918457e+00 -9.202138185501098633e-01 -4.838443994522094727e-01 -2.976506710052490234e+00 1.251536250114440918e+00 -2.478677511215209961e+00 1.882272005081176758e+00 -7.956799268722534180e-01
4.601674079895019531e-01 2.208723783493041992e+00 1.953544855117797852e+00 -6.448264122009277344e-01 -1.220396161079406738e+00 3.223321676254272461e+00 6.849698424339294434e-01 -1.899435758590698242e+00
1.056836843490600586e+00 -2.162012338638305664e+00 -1.310349941253662109e+00 3.572041511535644531e+00 9.818410873413085938e-01 3.086998701095581055e+00 9.030916094779968262e-01 -1.051797032356262207e+00
-2.905307710170745850e-01 -1.745395541191101074e+00 -1.909721612930297852e+00 -9.517820477485656738e-01 1.571579337120056152e+00 -1.821577787399291992e+00 8.553169369697570801e-01 -1.891173481941223145e+00
-1.610339164733886719e+00 1.240041732788085938e+00 1.740071296691894531e+00 1.952825188636779785e-01 -1.550685405731201172e+00 6.704510688781738281e+00 7.424011230468750000e-01 -1.113180279731750488e+00
-1.574753642082214355e+00 1.184928268194198608e-01 5.890203118324279785e-01 -2.311109006404876709e-01 -1.654256463050842285e+00 1.727164030075073242e+00 -1.011968135833740234e+00 5.261962413787841797e-01
-5.444820523262023926e-01 1.605018973350524902e+00 7.821883559226989746e-01 -1.189264893531799316e+00 1.040666699409484863e+00 -2.163090467453002930e+00 2.219581127166748047e+00 -3.309619128704071045e-01
1.602168917655944824e+00 -7.236970663070678711e-01 -9.982274472713470459e-02 -1.099630475044250488e+00 1.253209590911865234e+00 1.485033154487609863e+00 6.002823710441589355e-01 -1.204210758209228516e+00
-3.284411668777465820e+00 -1.745936274528503418e+00 4.717991352081298828e-01 3.492817401885986328e+00 -9.948543310165405273e-01 -1.413353681564331055e+00 8.392757773399353027e-01 -6.034864187240600586e-01
-4.384080410003662109e+00 -3.126980543136596680e+00 -5.863940715789794922e-01 -1.103622317314147949e+00 9.406217932701110840e-01 -1.955946445465087891e+00 1.416483879089355469e+00 -7.142120599746704102e-01
-3.612351894378662109e+00 -1.351587414741516113e+00 4.241442680358886719e-01 4.555609226226806641e+00 -5.021842718124389648e-01 -9.735989570617675781e-01 8.226146101951599121e-01 -1.121243536472320557e-01
1.517379581928253174e-01 7.432405948638916016e-01 9.122086167335510254e-01 -4.570271670818328857e-01 1.844991683959960938e+00 -1.260102987289428711e+00 -7.972287535667419434e-01 -9.327813386917114258e-01
-4.174858093261718750e+00 -3.626003026962280273e+00 -5.809065103530883789e-01 1.924402832984924316e+00 2.756146192550659180e-01 -5.769639611244201660e-01 1.637692570686340332e+00 4.409286379814147949e-01
-8.798768371343612671e-02 -3.289759397506713867e+00 -1.022385358810424805e+00 -2.305502414703369141e+00 1.169579386711120605e+00 1.690106868743896484e+00 -9.064027667045593262e-01 3.599027693271636963e-01
-4.726219475269317627e-01 -2.170912981033325195e+00 -2.888219833374023438e+00 -2.362560987472534180e+00 2.234770298004150391e+00 -1.001173257827758789e+00 4.539237022399902344e-01 -1.211016178131103516e+00
1.703137278556823730e+00 -1.851986765861511230e+00 -2.389524698257446289e+00 -3.972406625747680664e+00 -2.697918415069580078e-01 1.024813890457153320e+00 -8.484358191490173340e-01 1.449806690216064453e+00
-1.163562178611755371e+00 -2.287208318710327148e+00 -2.194107621908187866e-01 -1.952212214469909668e+00 5.792176127433776855e-01 -2.423587799072265625e+00 1.372094869613647461e+00 -1.688985347747802734e+00
3.131894588470458984e+00 2.170255184173583984e-01 3.330523967742919922e+00 -1.013377308845520020e+00 -6.568576395511627197e-02 2.168728113174438477e+00 3.400515794754028320e+00 5.748521089553833008e-01
1.191229939460754395e+00 1.842746853828430176e+00 2.855712413787841797e+00 6.635201573371887207e-01 -1.849788188934326172e+00 6.671973228454589844e+00 -2.360328286886215210e-01 8.321682214736938477e-01
1.402071952819824219e+00 -2.392349481582641602e+00 -7.037703394889831543e-01 -2.303599357604980469e+00 -8.461348712444305420e-02 3.981504440307617188e+00 -9.474751353263854980e-01 3.715813457965850830e-01
-3.087670087814331055e+00 -5.891128778457641602e-01 1.275369375944137573e-01 -1.602789878845214844e+00 5.068479776382446289e-01 -4.040771722793579102e-02 2.440780878067016602e+00 -3.532717823982238770e-01
-2.243082761764526367e+00 -3.942663371562957764e-01 2.911578655242919922e+00 9.516671895980834961e-01 -2.669067621231079102e+00 1.491663932800292969e+00 6.361088752746582031e-01 -1.903107464313507080e-01
-4.134822845458984375e+00 -3.814126968383789062e+00 -5.029884576797485352e-01 2.388095855712890625e+00 -1.116678863763809204e-01 -4.435865283012390137e-01 1.019088149070739746e+00 3.808919787406921387e-01
1.336907267570495605e+00 -3.552417993545532227e+00 -6.358513832092285156e-01 -1.091520071029663086e+00 9.831147193908691406e-01 -2.043041944503784180e+00 2.386668324470520020e-01 -2.082411497831344604e-01
-1.430229544639587402e-01 -2.328744828701019287e-01 3.131674051284790039e+00 -1.439624071121215820e+00 -6.259293556213378906e-01 4.114830970764160156e+00 2.079071521759033203e+00 -3.714054226875305176e-01
3.668787717819213867e+00 -1.680251240730285645e+00 4.929747581481933594e-01 1.877104997634887695e+00 -3.343133330345153809e-01 -1.829744815826416016e+00 4.168170988559722900e-01 -1.991771936416625977e+00
2.278987169265747070e+00 -6.141872406005859375e-01 -1.799211949110031128e-01 -2.279453754425048828e+00 4.196648597717285156e-01 -1.230861783027648926e+00 5.811294317245483398e-01 -4.366940855979919434e-01
-4.659424781799316406e+00 -3.574762344360351562e+00 -4.964072704315185547e-01 2.112529754638671875e+00 -2.822279334068298340e-01 -1.081746101379394531e+00 1.780258893966674805e+00 -3.824277520179748535e-01
-1.711179852485656738e+00 -1.685419440269470215e+00 1.733267068862915039e+00 -2.083661556243896484e+00 -8.686330318450927734e-01 1.946862637996673584e-01 1.545529723167419434e+00 -3.156610429286956787e-01
-1.330185651779174805e+00 -3.413932800292968750e+00 -3.802990913391113281e-01 1.075160861015319824e+00 -2.493136972188949585e-01 -1.353859424591064453e+00 1.286395788192749023e+00 -9.111852645874023438e-01
1.075602412223815918e+00 2.617439746856689453e+00 2.117416381835937500e+00 1.823697686195373535e+00 1.416896581649780273e+00 -1.458125352859497070e+00 3.266689062118530273e+00 -2.156489714980125427e-02
-2.139204263687133789e+00 1.399202108383178711e+00 1.916894674301147461e+00 -1.460218548774719238e+00 -1.098664402961730957e+00 2.364424467086791992e+00 1.200889110565185547e+00 -1.060308456420898438e+00
1.680724740028381348e+00 -1.000023126602172852e+00 2.543717324733734131e-01 -2.803522109985351562e+00 8.098747730255126953e-01 7.182656526565551758e-01 4.407679438591003418e-01 -3.394134342670440674e-01
5.308907985687255859e+00 -3.465988159179687500e+00 -1.484761834144592285e+00 2.139557600021362305e+00 -7.746808528900146484e-01 1.505436450242996216e-01 -2.454972714185714722e-01 -1.559411048889160156e+00
-1.100818037986755371e+00 1.598205089569091797e+00 1.251545667648315430e+00 -1.337739825248718262e+00 4.143625199794769287e-01 -7.374416291713714600e-02 1.495738863945007324e+00 -1.330257296562194824e+00
7.192592024803161621e-01 3.611062765121459961e-01 2.340432256460189819e-01 -1.286527276039123535e+00 -5.391585826873779297e-01 -8.895065188407897949e-01 1.606344938278198242e+00 -1.644087076187133789e+00
1.990105390548706055e+00 -4.020238399505615234e+00 -1.199150085449218750e+00 -1.925784230232238770e+00 3.789127469062805176e-01 2.227105140686035156e+00 -7.179984450340270996e-01 2.017374932765960693e-01
-1.533683180809020996e+00 2.591668844223022461e+00 1.442452430725097656e+00 4.501163363456726074e-01 2.485458135604858398e+00 -1.039402246475219727e+00 2.486729860305786133e+00 1.135913610458374023e+00
-2.334729135036468506e-01 -1.497876286506652832e+00 1.284698963165283203e+00 -1.835886597633361816e+00 1.911752581596374512e+00 -2.167235136032104492e+00 -1.107826828956604004e-02 -2.882660031318664551e-01
1.872302412986755371e+00 -3.410049676895141602e+00 -4.654983878135681152e-01 -2.802425861358642578e+00 -1.508199721574783325e-01 3.295072317123413086e-01 -3.700823783874511719e-01 8.433486819267272949e-01
-1.087502360343933105e+00 1.749598145484924316e+00 2.197814464569091797e+00 -2.223119884729385376e-02 -1.440207600593566895e+00 3.583373546600341797e+00 1.806714653968811035e+00 -9.877600669860839844e-01
1.786263346672058105e+00 -3.487751245498657227e+00 -2.857063293457031250e+00 -2.637351989746093750e+00 1.634659469127655029e-01 1.287249207496643066e+00 1.948543339967727661e-01 -1.846093535423278809e-01
-5.518006682395935059e-01 1.247759938240051270e+00 2.166269779205322266e+00 3.163602352142333984e+00 -1.785183906555175781e+00 2.106693744659423828e+00 -2.084027051925659180e+00 1.096326828002929688e+00
-5.203317642211914062e+00 -3.437748432159423828e+00 -7.615900039672851562e-01 4.344475269317626953e+00 -7.574636936187744141e-01 -4.590624570846557617e-01 2.351646423339843750e+00 3.814912140369415283e-01
-2.647253036499023438e+00 8.626728057861328125e-01 1.317369937896728516e+00 -1.773840188980102539e+00 -9.617912769317626953e-01 9.988903403282165527e-01 8.367440104484558105e-01 -3.922094106674194336e-01
-6.376978158950805664e-01 1.229917526245117188e+00 2.502544820308685303e-01 -2.328872203826904297e+00 7.580739855766296387e-01 2.478492408990859985e-01 3.899994194507598877e-01 2.046299934387207031e+00
-4.072851538658142090e-01 2.650919914245605469e+00 1.823879480361938477e+00 3.391229391098022461e+00 8.142852187156677246e-01 -2.003233194351196289e+00 7.920443415641784668e-01 -7.004336714744567871e-01
1.955993473529815674e-01 -3.700256824493408203e+00 -2.308334350585937500e+00 -1.489880919456481934e+00 1.476979494094848633e+00 -6.179778575897216797e-01 -5.704815983772277832e-01 -6.894810795783996582e-01
2.587353706359863281e+00 -1.057178974151611328e+00 3.015217304229736328e+00 -3.205492973327636719e+00 5.026476979255676270e-01 2.776152610778808594e+00 3.180819034576416016e+00 1.551330804824829102e+00
3.263948857784271240e-01 1.902863860130310059e+00 1.672605156898498535e+00 -7.144410014152526855e-01 3.141199350357055664e+00 1.141034364700317383e+00 6.995322108268737793e-01 1.062776803970336914e+00
-1.699425935745239258e+00 -2.486170530319213867e+00 1.511382460594177246e+00 -1.291432857513427734e+00 -9.401791095733642578e-01 1.868550896644592285e+00 8.251739144325256348e-01 -2.698477804660797119e-01
7.238649725914001465e-01 1.403220057487487793e+00 2.831724166870117188e+00 1.175426021218299866e-01 -1.045430064201354980e+00 7.330447196960449219e+00 2.976224422454833984e-01 -2.202122211456298828e-01
1.712024807929992676e+00 -1.600832343101501465e+00 1.450466662645339966e-01 -2.146047592163085938e+00 1.644260406494140625e+00 4.767766952514648438e+00 -3.909928798675537109e-01 2.942818701267242432e-01
7.552222162485122681e-02 4.009366035461425781e+00 1.205291152000427246e+00 -1.237130522727966309e+00 -1.275256514549255371e+00 1.423905849456787109e+00 9.125328660011291504e-01 2.228050947189331055e+00
5.190734863281250000e-01 5.241338729858398438e+00 3.535687446594238281e+00 3.355379104614257812e-01 -3.470724821090698242e-01 5.192557334899902344e+00 2.873828649520874023e+00 5.450095608830451965e-02
2.489640474319458008e+00 -2.057320117950439453e+00 1.225698471069335938e+00 -2.325240612030029297e+00 -4.710497856140136719e-01 3.872108697891235352e+00 1.290231347084045410e+00 8.826758861541748047e-01
-3.706296205520629883e+00 -2.665065526962280273e+00 4.513387680053710938e-01 2.527346134185791016e+00 -2.754116654396057129e-01 -1.272492647171020508e+00 1.562853097915649414e+00 -3.163930401206016541e-02
3.692764520645141602e+00 -2.843796491622924805e+00 -9.226869344711303711e-01 -1.244217902421951294e-02 1.102726936340332031e+00 -2.319454908370971680e+00 -5.696736276149749756e-02 -1.227276802062988281e+00
-9.373521208763122559e-01 -7.770828008651733398e-01 1.020562529563903809e+00 -6.359204649925231934e-03 5.919185280799865723e-02 -7.382079362869262695e-01 -1.337837100028991699e+00 -3.004577010869979858e-03
1.185186505317687988e+00 -8.804070949554443359e-02 7.620021104812622070e-01 -1.907869935035705566e+00 -2.471205145120620728e-01 9.808970689773559570e-01 7.953432202339172363e-01 -2.335191369056701660e-01
-2.371822595596313477e+00 -3.220380067825317383e+00 -1.340522289276123047e+00 -1.010932564735412598e+00 6.684870719909667969e-01 -1.057183265686035156e+00 1.867649674415588379e+00 -1.234127759933471680e+00
-3.681951284408569336e+00 -3.962534427642822266e+00 -9.429358243942260742e-01 2.439202308654785156e+00 -6.796450614929199219e-01 -6.346356272697448730e-01 9.338091015815734863e-01 3.327294290065765381e-01
-5.504721999168395996e-01 2.539325952529907227e+00 2.325314521789550781e+00 6.107753515243530273e-01 -1.490627765655517578e+00 1.397642135620117188e+00 6.554192900657653809e-01 2.989345788955688477e-01
-1.257502317428588867e+00 2.293013781309127808e-02 1.840247035026550293e+00 3.912663459777832031e-01 -1.813667535781860352e+00 1.018644332885742188e+00 -5.661533474922180176e-01 -2.424950599670410156e-01
-1.414708971977233887e+00 -1.526473313570022583e-01 1.310875415802001953e+00 -1.582309126853942871e+00 1.498108148574829102e+00 5.604263544082641602e-01 1.012875676155090332e+00 6.593649983406066895e-01
6.515030264854431152e-01 1.129199624061584473e+00 1.355612874031066895e+00 -8.437501192092895508e-01 3.163067340850830078e+00 1.273800611495971680e+00 1.967415213584899902e+00 3.085088431835174561e-01
1.912407875061035156e+00 -1.986870765686035156e+00 2.726889610290527344e+00 -2.163761138916015625e+00 -5.233944058418273926e-01 -8.333129882812500000e-01 2.122038125991821289e+00 -1.020538359880447388e-01
1.819821238517761230e+00 -3.899016141891479492e+00 -1.682277202606201172e+00 1.301652789115905762e-01 1.199110865592956543e+00 -6.518456935882568359e-01 -1.513939648866653442e-01 -1.650141954421997070e+00
1.382984280586242676e+00 3.442048788070678711e+00 1.603506207466125488e+00 -1.948664307594299316e+00 -2.315163850784301758e+00 2.108409643173217773e+00 1.299111127853393555e+00 3.611483097076416016e+00
4.216395378112792969e+00 -4.096787452697753906e+00 -1.420932173728942871e+00 -1.992730498313903809e+00 -1.335950642824172974e-01 2.598485350608825684e-02 -1.375603228807449341e-01 3.560951948165893555e-01
1.922884821891784668e+00 -2.148441553115844727e+00 -1.203954219818115234e+00 -5.751164257526397705e-02 1.230626583099365234e+00 2.390004396438598633e+00 -7.835775017738342285e-01 -1.552265405654907227e+00
-3.957422971725463867e+00 -2.547195196151733398e+00 1.708462834358215332e-01 -1.928549259901046753e-02 -8.401577472686767578e-01 -2.856121957302093506e-02 6.496528387069702148e-01 -8.430608510971069336e-01
8.092678189277648926e-01 3.192114114761352539e+00 2.511605501174926758e+00 -1.168211340904235840e+00 -1.765998452901840210e-01 6.366669654846191406e+00 2.138471841812133789e+00 -5.837881565093994141e-01
1.442710310220718384e-02 -3.442379236221313477e+00 -1.824113607406616211e+00 -1.131473183631896973e+00 1.702137351036071777e+00 -1.051809072494506836e+00 2.468675225973129272e-01 -9.432818889617919922e-01
2.826641499996185303e-01 1.661949992179870605e+00 1.314816474914550781e+00 -2.099472284317016602e+00 1.661670953035354614e-01 6.111370086669921875e+00 1.261238098144531250e+00 -1.493183851242065430e+00
1.362458348274230957e+00 -1.950090765953063965e+00 6.041280925273895264e-02 -2.957521677017211914e+00 2.290039300918579102e+00 5.691071510314941406e+00 -9.059388041496276855e-01 5.036686062812805176e-01
1.235832333564758301e+00 1.657969951629638672e+00 2.742032527923583984e+00 7.421261072158813477e-01 -2.217864990234375000e+00 6.530714988708496094e+00 -1.183677673339843750e+00 1.444194078445434570e+00
-1.858208060264587402e+00 -1.271281123161315918e+00 1.953624486923217773e+00 -1.099932312965393066e+00 -1.050302267074584961e+00 2.528044939041137695e+00 5.884681344032287598e-01 -1.009974002838134766e+00
-1.598859786987304688e+00 5.069944262504577637e-02 7.324988245964050293e-01 -1.627551555633544922e+00 9.725806713104248047e-01 -1.398146450519561768e-01 -2.663922905921936035e-01 -5.185843110084533691e-01
1.985126733779907227e+00 -1.233204960823059082e+00 5.605435371398925781e-01 -6.503916978836059570e-01 3.115219473838806152e-01 -6.884942948818206787e-02 7.735008597373962402e-01 -9.739298224449157715e-01
-1.842100620269775391e-01 -2.720246076583862305e+00 -2.130675464868545532e-01 -1.533760428428649902e+00 3.688921034336090088e-02 3.331709623336791992e+00 -3.527317643165588379e-01 -4.488100707530975342e-01
8.288923501968383789e-01 4.635493755340576172e+00 1.673743963241577148e+00 1.369980454444885254e+00 1.620954632759094238e+00 -1.061715364456176758e+00 1.916690111160278320e+00 5.858800411224365234e-01
1.693371415138244629e+00 -3.093555569648742676e-01 1.288412570953369141e+00 1.033645033836364746e+00 1.968945562839508057e-02 -7.064278125762939453e-01 7.852238416671752930e-01 -9.106491804122924805e-01
2.090190947055816650e-01 2.635653018951416016e+00 5.317427515983581543e-01 -7.356696724891662598e-01 9.789199829101562500e-01 -9.501850605010986328e-01 2.675012350082397461e+00 -2.622456252574920654e-01
-3.826111555099487305e-01 -9.153517484664916992e-01 1.837640255689620972e-01 -3.634575366973876953e+00 -7.621791958808898926e-01 1.454691171646118164e+00 5.619934797286987305e-01 4.670074880123138428e-01
4.717857241630554199e-01 1.119223237037658691e+00 7.836217880249023438e-01 -3.116278171539306641e+00 1.091405153274536133e+00 1.404533267021179199e+00 2.876232385635375977e+00 1.245559692382812500e+00
1.953769803047180176e+00 7.333592176437377930e-01 2.015323638916015625e+00 -3.049952089786529541e-01 9.066317081451416016e-01 -1.995778322219848633e+00 2.544432163238525391e+00 -8.588981628417968750e-01
-2.973342895507812500e+00 1.308870673179626465e+00 1.131623029708862305e+00 4.262428730726242065e-02 2.926626801490783691e-01 5.886529684066772461e-01 2.012181758880615234e+00 4.364157021045684814e-01
-2.137536048889160156e+00 -1.356443285942077637e+00 7.039639949798583984e-01 8.114626407623291016e-01 -2.597981929779052734e+00 9.171009063720703125e-01 -1.574502348899841309e+00 7.789694070816040039e-01
-1.915440201759338379e+00 -2.844602346420288086e+00 5.703403949737548828e-01 -1.039689481258392334e-01 1.180099248886108398e+00 -1.721560001373291016e+00 6.574733257293701172e-01 -1.547735691070556641e+00
1.586618781089782715e+00 -2.349415302276611328e+00 -7.896045446395874023e-01 1.854427218437194824e+00 -1.335805177688598633e+00 2.027989864349365234e+00 -9.285015463829040527e-01 1.325702518224716187e-01
2.792639493942260742e+00 9.306311607360839844e-03 6.992268562316894531e-02 3.045852422714233398e+00 -8.390719890594482422e-01 6.623966693878173828e-01 6.655002236366271973e-01 -1.726180076599121094e+00
-7.633978724479675293e-01 -3.011631250381469727e+00 -9.990226030349731445e-01 -1.583906650543212891e+00 1.689077913761138916e-02 -2.053958415985107422e+00 7.869010418653488159e-02 -7.986152172088623047e-01
-3.493629217147827148e+00 3.067297041416168213e-01 1.245798826217651367e+00 -3.204416930675506592e-01 -1.506043910980224609e+00 1.037519931793212891e+00 1.384591579437255859e+00 -8.847048878669738770e-01
4.271883010864257812e+00 -2.066488265991210938e+00 1.579995155334472656e-01 -9.689418077468872070e-01 1.958879947662353516e+00 -2.599681317806243896e-01 8.726260066032409668e-01 -5.032550692558288574e-01
-1.772172689437866211e+00 -8.999838829040527344e-01 1.166408538818359375e+00 -1.244864821434020996e+00 3.867146372795104980e-02 1.981420218944549561e-01 1.405422329902648926e+00 -8.005411624908447266e-01
2.480592250823974609e+00 -2.398320436477661133e-01 8.889566659927368164e-01 3.696312189102172852e+00 -1.008274674415588379e+00 -1.864397525787353516e-01 -2.896079421043395996e-02 -2.596383094787597656e+00
-2.644263267517089844e+00 2.686208486557006836e+00 1.114172101020812988e+00 -1.286716818809509277e+00 -4.812383055686950684e-01 -2.720079421997070312e-01 7.610341906547546387e-01 1.985631465911865234e+00
-3.348676204681396484e+00 -1.239495992660522461e+00 -1.179557800292968750e+00 -2.208889961242675781e+00 5.452669858932495117e-01 -1.954751253128051758e+00 2.111453115940093994e-01 -1.449251413345336914e+00
1.187736868858337402e+00 4.485569298267364502e-01 1.155624628067016602e+00 -8.226512670516967773e-01 1.119022607803344727e+00 -2.131606042385101318e-01 1.504065632820129395e+00 -9.307911396026611328e-01
4.683332920074462891e+00 -1.656201481819152832e+00 -2.938736677169799805e-01 2.629429578781127930e+00 -1.194521427154541016e+00 -5.269349813461303711e-01 -1.744948148727416992e+00 -8.043234348297119141e-01
-4.172674179077148438e+00 -3.033548116683959961e+00 -9.446794986724853516e-01 4.178624629974365234e+00 -7.320689558982849121e-01 -5.890249013900756836e-01 2.115050077438354492e+00 -1.189685985445976257e-02
1.476126074790954590e+00 9.016823768615722656e-01 2.415835142135620117e+00 2.134452819824218750e+00 -2.864716291427612305e+00 4.443815231323242188e+00 4.191557765007019043e-01 -1.805230021476745605e+00
2.097099423408508301e-01 7.039096355438232422e-01 -1.850499153137207031e+00 -2.781455993652343750e+00 1.973272919654846191e+00 -1.446915149688720703e+00 6.391727328300476074e-01 -5.601892992854118347e-02
8.770972490310668945e-01 8.399714231491088867e-01 -1.090850383043289185e-01 -1.799699425697326660e+00 3.892120599746704102e+00 2.592543065547943115e-01 7.553389668464660645e-01 -3.575114905834197998e-01
-1.709688782691955566e+00 1.649490237236022949e+00 2.579726696014404297e+00 8.690826892852783203e-01 1.669076681137084961e-01 4.459914207458496094e+00 3.948259115219116211e+00 -3.063091516494750977e+00
9.027053713798522949e-01 1.435013860464096069e-01 1.458845496177673340e+00 4.167794227600097656e+00 -1.990683794021606445e+00 2.084515839815139771e-01 -4.999622106552124023e-01 -2.288195848464965820e+00
-8.204603195190429688e-01 -5.962976217269897461e-01 1.321101665496826172e+00 3.292912542819976807e-01 3.959643244743347168e-01 5.771807670593261719e+00 1.661100745201110840e+00 -2.296766757965087891e+00
-1.447967886924743652e-01 -1.814984828233718872e-01 2.065451860427856445e+00 -1.243044376373291016e+00 -1.104074478149414062e+00 3.005562782287597656e+00 4.230533242225646973e-01 3.821675479412078857e-01
