-1.603174066543579190 -1.196082985401153653 -0.606778547167778015 -3.713081622123718173 0.312350653856992733 -2.722114872932434260 3.229714989662170410 -1.552205097675323442
1.062221264839172452 0.963195687532424905 2.669719052314758478 -1.551268279552459717 -0.459907807409763336 -2.011416053771972745 4.504481315612792969 -0.463374145328998566
-0.859303066134452842 3.390496516227722079 1.351561260223388627 1.218661904335021973 1.826116883754730136 -1.958325242996215909 1.269418990612030118 -0.292824946343898773
0.054096482880413535 3.204156351089477717 1.786099088191986040 -1.812869215011596591 1.101200509071350142 -2.740279436111450195 2.804341340065002353 -0.319091562926769268
-3.864234828948974521 -3.343503689765930265 -1.010840809345245450 -0.748526322841644332 -1.201281857490539506 0.281999992579221703 0.611974266171455339 -0.554005065560340904
-3.174074673652648837 -2.382335925102233798 1.616978144645691007 -0.888189104199409440 -1.971124112606048584 1.494645905494689897 0.814166957139968894 -0.646226060390472368
-2.459973788261413663 -3.061235570907592685 1.950993275642395108 -2.170447146892547696 -1.801835739612579257 0.125577560067176824 2.172937262058257879 -1.222766309976577759
-1.649700713157653764 -4.187121844291686656 0.077577379345893857 -2.562142467498779386 -1.121583890914916948 1.683795738220214888 0.584505432844162010 -1.010948061943054199
0.220353041775524616 4.200161194801330211 3.627149891853332697 -0.527790677547454790 -0.191645309329032898 2.476061725616454989 2.477822065353393555 1.488915097713470415
-0.027503718808293342 5.182031679153442205 1.159894979000091642 2.066051530838012518 2.080977439880371094 0.451343866437673547 1.547941684722900391 1.153153055906295688
0.790479180216789201 2.093953025341034113 1.356392365694045976 -2.973658680915832520 1.500651168823242232 1.490914237499237016 3.465285086631774814 1.487772262096405118
-0.140496268495917315 4.770513582229614080 1.320105874538421542 1.087727510929107577 1.774197685718536421 -0.172437462955713272 1.878711664676666171 1.201103174686431796
-2.476734423637390048 1.344464504718780429 2.186241400241851984 -2.150399363040924161 -1.853294074535369873 1.932090330123901412 -0.772447806596755937 -0.705071771144866966
-3.318956947326660245 -2.118970060348510653 -0.938404697179794356 -1.781996488571166992 -1.335077464580535889 0.943503272533416704 0.667552438378334001 -0.708790951967239402
-1.973865497112274214 2.461653804779052823 0.481909966468811013 -1.850455701351165771 0.484507508575916290 1.482651406526565463 1.335695278644561723 0.477021664381027222
-4.045073151588439941 -3.769342970848083674 -0.808151420950889543 -0.965853494405746416 -1.066405081748962314 0.508223292231559709 0.671132391691207864 -0.980783075094223022
-1.031677609682083219 3.366650915145874112 2.840181350708007812 -0.282393892854452155 0.244348872452974319 4.841717958450317383 3.273602628707885653 -1.816069233417511031
1.733636879920959384 3.178406667709350764 3.528698945045471103 1.028922784328460738 1.900361490249633745 -1.632343876361846968 4.141398668289184570 0.732643792033195518
0.665266248583793685 4.409597635269165039 1.492075467109680087 0.974271643161773726 1.906756711006164506 -0.320614005997777007 3.528303670883178533 -0.118518328294157982
-2.220626640319824041 1.692294180393218994 1.228529220819473355 -0.525165508687496230 0.912845236063003496 -0.724878333508968353 1.136581963300705045 -2.279396653175354004
-5.076953077316284535 -3.214419126510620117 -0.822588786482810974 4.263588953018188299 -0.302713078260421764 -0.531920224428176880 2.309212923049926758 0.720685517787933327
-4.688120317459106623 -3.713063478469848633 -1.445991158485412598 2.835881757736205877 -0.799250328540802024 0.018340504169464110 0.633773356676101685 0.466150660812854778
-4.038523578643799183 -2.770884466171264826 -0.771680045127868697 3.744949436187744229 -1.148868399858474776 0.880162817239761308 0.101367664337158200 0.788915646076202348
-4.607368707656860352 -3.813016295433044434 -1.679073786735534757 4.176105523109436390 -1.076969003677368253 0.267354725301265694 1.351223826408386230 0.719603860378265403
-0.185306048020720482 1.580697751045227140 3.016215968132018865 0.665256249904632613 -3.470845031738281072 4.142656946182251332 0.156806620955467213 2.722673058509826660
-2.130160439014434637 1.062581670284271196 3.248425793647766291 -0.160503779351711284 -3.747001099586486639 2.566548967361450106 -1.000078988075256303 0.451229080557823181
-1.154555165767669589 1.685128498077392623 2.787657642364501864 3.181286120414733798 -1.258878070116043135 2.385823678970337092 -2.189607632160186945 2.862822461128234686
0.940317684412002586 -3.071930766105651855 0.456907342374324787 1.436384707689285278 -1.606460261344909712 -0.037922956049442291 -0.609572875499725386 1.115529364347457975
-0.549985861778259255 -0.080882890522480017 -0.195293903350830078 -3.045374202728271307 0.240607012808322918 0.139685340970754635 2.072169840335845947 4.473368597030639826
2.409645247459411443 0.742621645331382751 2.353913700580597013 -2.621082615852356135 -1.733766007423400923 2.191182899475097479 3.520690417289733976 3.074751424789428533
-0.229028487950563436 2.749034118652343928 1.626475155353546143 -2.110127091407775879 -1.840309023857116699 0.038734672218561174 2.361707639694214045 3.569542288780212402
-2.933332538604736417 0.753961378335952781 0.324580734968185403 -1.156484520435333341 -2.464494466781616211 -0.676926204562187217 0.786173042654991105 3.091144037246704279
3.971832728385925382 -3.261829233169555753 1.270540332794189542 -2.427137541770934881 -1.251830446720123335 4.110302042961120783 2.962263154983520330 3.210678386688232244
3.399490571022033780 -1.906009399890899569 3.506360912322997958 -3.556322145462035955 -0.398275958746671654 3.001976013183593750 5.163092851638793945 2.535021185874938965
3.195419836044311346 -2.195903694629669278 3.922687220573425115 -3.144458079338073642 -1.050599271059036166 3.358078360557556152 3.413874220848083674 2.807577490806579590
-0.037722811754792931 -0.911949986219406150 2.790196299552917480 -2.743762636184692294 -2.071724629402160733 4.862145137786865412 3.552705550193786532 -0.857357496023178123
0.268601915799081326 1.383695435523986772 0.418641962110996246 -2.994094133377075195 0.136642187833786011 5.538489532470703303 3.906306242942810147 -2.197668170928955167
2.415945863723754972 -0.348661424219608329 -1.159859079122543379 -3.013259530067443848 -0.373697294294834115 1.449075257778167813 1.913642370700836093 -3.195330715179443448
-0.011923124641180038 2.705390834808349521 1.938663733005523637 -3.027971386909484863 -2.027625787258148016 2.368966305255889804 0.536530098319053628 -0.836603841185569741
2.272430336475372403 -1.435919237136840776 3.809882593154907404 -2.546817827224731268 0.034499387443065646 -0.373132928460836399 3.677365207672119052 -0.189412584155797953
-2.526764893531799228 -2.398177170753478915 -0.223802168667316448 -2.577855849266052157 -0.522600945830345109 2.151202797889709473 0.136754411458969105 -1.023797905445098966
-3.758263087272644132 0.291320234537124634 -0.713374903798103310 -1.355422902107238814 -0.167077976465225209 -0.155129903554916376 1.694765329360961914 -0.356540100276470207
-2.058359646797180087 -3.046939158439636142 0.114407104253768918 -1.862809145450591952 -0.615779992938041643 1.614998459815979004 -1.048167192935943515 0.038428699970245360
-3.186504673957824885 0.516891735792160079 1.203701126575470015 -1.839091575145721524 -0.693293043971061729 0.208463950455188757 0.460259112715721119 -0.622258791327476524
-4.072912955284119008 -3.285123300552368342 -0.183499188721179957 2.941771602630615323 -0.665651485323905945 -1.048115128278732211 1.690116953849792436 -0.277428131550550461
-4.097417044639587225 -1.143047392368316650 -0.083832654356956485 1.732126629352569669 -0.856365752220153764 -1.044851601123809814 0.972326356172561690 -0.576056811213493392
-4.333191108703613459 -2.433139538764953702 -0.655426397919654846 1.564024722576141446 0.190446515381336223 -1.625530385971069247 1.492319703102111816 -0.693383763730526015
-3.604380846023559570 -1.707274854183197021 0.196634639799594890 4.690782546997070312 -0.938578045368194558 -0.039930479973554610 0.872993981838226296 0.406844256818294503
0.794367408752441384 0.052047097682952882 2.253280949592590510 -3.143252825736999601 1.031412446498870761 2.442703485488891602 1.044873827695846469 1.431034409999847323
0.037217950727790591 0.581800284981727645 2.306255078315734952 -2.809102416038513184 3.693225646018981845 3.749386548995971680 0.168560032546520244 -1.046636384725570634
0.082448378577828413 -1.451365613937377841 1.971698379516601651 -2.888403749465942472 1.324432212114334151 3.855053091049194247 -1.758422636985778720 1.368040919303894043
-2.262422168254852206 -0.667239463329315163 0.748115614056587219 -2.603801631927490146 0.343669103831052758 0.925703555345535278 -0.429480183124542225 0.883513379096984908
-3.187304687500000178 -2.906881070137024015 -1.281320226192474321 0.960866290330886885 -1.466871416568756192 1.089829528331756503 -0.778234541416168213 0.533246180415153481
-2.550239348411559970 -2.841937375068664728 -2.477634978294372736 -0.827597737312316895 1.029644125699996859 -2.146201157569885165 1.573199009895324796 -1.763003587722778320
-2.269325089454651057 -1.566280579566955655 -1.855644583702087402 -2.368547844886779608 1.130566304922103971 -3.189717841148376642 1.534850013256072954 -1.740519440174102872
-2.481886100769043146 -0.720107123255729675 -0.177382202446460718 -2.650223803520202814 0.187873301655054087 -0.342363159358501423 -0.539282467961311296 -1.920128691196441695
6.228363943099975764 -2.652027916908264338 0.324193653464317333 1.479880857467651412 1.076307016611099288 -1.265464246273040771 1.003701359033584595 0.655597567558288574
5.821652507781982067 -2.894815158843994318 -0.873767182230949402 0.718615166842937469 0.730187353491783098 -2.161330175399780451 0.058322811126708986 -1.006277745962143033
3.966485095024109064 -1.668998253345489458 0.016830198466777802 0.630035953223705314 2.603429055213928311 -1.703506517410278365 0.501344268023967699 -2.182459938526153387
3.299314069747924627 -0.817092987895011946 1.033844000101089566 -2.702633953094482511 1.343716073036193892 -1.304402518272399947 0.403368413448333740 0.203026345372200018
-0.585749441385269187 0.298287767171859730 1.640613222122192294 -2.042288565635681064 3.048148679733276190 -0.803479671478271484 -2.276935029029846014 -0.824901962280273460
-0.640307074785232522 2.436315345764159979 2.399742674827575861 0.054877709597349167 3.140283012390136630 2.982610630989074529 -0.405834084749221780 0.873814815282821677
1.412599301338195890 -0.014178374409675598 2.609470796585083185 -0.639199501276016213 2.681369566917419345 -0.773997108638286635 -2.170482087135314764 -0.149274242296814907
-0.632304480671882607 0.240382561087608332 1.241112464666366488 0.014889273792505264 0.168414210528135294 -0.172310838848352438 -1.754520785808563188 2.349190950393676758
0.253599926084280003 -1.706673288345336825 0.973437410593032793 -2.785382509231567383 3.627944540977478205 -2.088286042213439941 -1.620072114467620894 0.073217007890343661
-2.772538971900940119 -1.947934103012084917 -0.209828117489814753 -0.584229636937379837 -1.104474210739135653 1.349533671140670688 -1.179345160722732544 0.831278365850448564
-3.512016129493713557 -2.047128808498382746 -1.247442579269409269 -0.311973182857036568 1.199409127235412598 -2.340945649147033514 1.809754478931427046 -1.092866575717926114
2.477220177650451660 0.501593416929244973 0.311686617136001598 -0.074690495431423184 3.126254820823669345 -2.867748689651489435 0.174655090272426594 0.186641998961567884
2.042160415649413974 0.125086066126823436 0.302803717553615570 -3.424591112136840643 0.966053980588913008 3.293043279647827060 1.079465359449386597 -2.093348157405853449
2.357055854797363459 -2.728705620765686124 -0.215929055213928217 1.727620649337768599 0.495146756619215034 0.745203733444213867 1.863077044486999512 -1.730530321598052979
2.578633284568786710 0.910306739807128951 -1.500580942630767911 -1.430805397033691362 1.387836337089538574 0.051127037405967711 1.658242237567901567 -3.131537199020385742
1.878003382682800204 0.920053410530090376 0.485159225761890411 0.377971971035003684 2.214732432365417392 4.529456472396850231 1.579650259017944425 -1.992801165580749601
-1.512131083011627242 0.229248422384262074 2.060369443893432795 -2.878288984298706055 -1.252953833341598600 2.542469859123229980 -0.502062115073204085 -0.361280646920204174
-2.331101191043853937 -2.836044311523437500 1.785520362854003951 0.246584124863147736 1.350893181562423662 -2.231550884246826350 0.800436088442802451 -1.362267935276031405
-1.000240471959114030 0.227870915830135357 2.411463093757629572 -2.965451264381408603 -1.453992146253585860 2.055013811588287442 -0.517110091447830156 1.076128047704696611
-2.407641458511352361 0.564474713802337602 2.758197069168090820 0.601597054302692391 -1.836536931991577193 0.028464659303426742 0.685898700356483482 0.707750749588012651
1.176332932710647539 -3.756258726119995117 -2.138425338268279852 -1.423893332481384277 1.376523101329803378 -2.075077736377715976 0.145268321037292480 -0.626742610335350059
-0.272789764404296864 -3.856737518310546786 -1.379880833625793501 -1.737774133682250977 1.784542834758758634 -2.690993165969848722 0.522316077351570152 -1.503567910194397061
0.349670590460300468 -2.762288880348205744 -1.877835071086883634 -1.904308545589447066 1.837375164031982422 -2.733485746383666815 0.887005555629730269 -1.935425412654876665
-1.203428447246551514 -4.515295505523681641 -1.178372037410736040 -1.924663126468658447 2.182645392417907892 -2.455589413642883301 -0.128968678414821625 -1.072369652986526534
-4.692513942718505859 -2.641255402565002353 0.053551170229911807 2.790339732170104892 -0.483817723393440258 -1.645698440074920610 1.792128753662109331 0.056088864803314209
-3.757941269874572665 -3.626952576637267889 -0.104267325997352597 0.649764305353164651 0.308520609140396140 -1.884525859355926425 1.649654519557952836 -0.817620253562927224
-3.788899326324462802 -4.028966903686523438 -0.531608399748802141 0.045398961007595065 0.323066616058349632 -1.436744856834411666 1.325515645742416426 -0.997916626930236861
-4.699443292617798029 -3.142986559867858798 -0.402639800310134910 1.256060755252838224 -0.535122483968734741 -0.879137074947357156 1.633001315593719527 -0.255239742249250390
-0.886787784099578813 1.330432975292205722 2.597870635986327947 0.492071928083896659 -2.435889387130737216 5.982526111602783025 1.088928240537643477 -2.675231289863586603
-2.706061673164367853 -2.024955821037292658 2.098084795475005926 -1.720455157756805464 -1.244943374395370395 2.551882100105285822 -0.661766800284385726 -0.669630157947540328
-1.996584188938140825 1.315380012989044278 2.317885422706603915 -0.723500132560729980 -3.080924558639526190 4.504433345794677912 -0.869863051176071211 0.049801750853657720
0.436086665838956833 0.518363779783248879 3.971831965446471990 -0.453262200951576211 -3.674369597434997470 5.581258773803710938 -1.211015897989273116 2.334722924232482733
1.202675706148147672 -1.809389162063598677 -2.077525162696838290 3.932504558563232333 -1.144377401471138089 5.599911117553711293 -0.046516931056976317 -2.120278000831604004
0.362608645111322403 -2.043039762973785312 -1.430419135093689009 2.167912018299102961 -1.921026015281677157 4.155304217338562367 -0.374551653861999512 -0.177796874940395366
-1.568531036376953125 -1.412097859382629439 -0.894587427377700806 -1.269131517410278409 -1.075987070798873901 5.323119735717773082 1.831294095516204923 -2.033960938453674316
-3.055857062339782715 -0.221754585206508648 0.667594534158706621 2.125197827816009521 -1.820402097702026323 1.840114307403564409 -1.202850270271301314 1.224946326017379850
2.209273803234100164 0.371777787804603577 1.578191959857940585 3.467149710655212491 -0.422632911056280147 0.950887900590896562 -0.094243128597736356 -0.572516393661498979
-0.544767221808433511 2.646257805824279608 4.138431310653686523 -0.877890652418136574 -3.219238615036010831 6.350849771499634144 1.097295200824737638 -1.562640213966369540
-2.621722054481506525 2.046967053413391024 1.598999381065368652 -0.002319951355457306 -1.301574659347534135 5.123913860321044567 1.735088407993316650 -2.093968665599823087
-0.330778232216835000 3.204480385780334561 4.160383152961730779 -0.713847871124744460 -4.386029267311096547 4.341016435623169301 -0.408707258105278026 0.963756805658340432
1.349227380752563432 -2.892788410186767578 1.246271681785583452 -3.705887937545776278 1.625882554054260298 2.349011707305908025 0.773422229290008589 0.333599638938903820
1.863632142543792725 -3.352703380584716619 -0.977957928180694602 -4.138433146476745428 -0.052109744399785995 2.785688686370849432 0.212974263727664953 1.787509167194366366
4.591630744934081854 -3.705180478096008478 -0.603653432428836845 -0.736072766780853316 -1.004536837339401245 2.020420598983764471 -0.176538559794425953 2.776625633239746094
2.561410641670227140 -3.112184906005859286 -1.017617273330688521 -3.212473988533020020 -1.062637674808502242 1.855383002758026034 0.915901893377304099 2.261998534202575684
2.579081511497497647 -4.487242794036864879 -1.390029287338256925 -2.392506194114685236 -0.676872470974922202 3.834283447265625089 0.268904821574687980 1.442517423629760653
-0.697201368212699846 -3.780061936378479093 -1.181960797309875577 -3.030445075035095304 -0.303120625019073497 1.914098548889160201 -0.247748997807502758 -0.379104959964752186
1.856176066398620650 -3.013442373275756925 -0.130712005496025074 -3.450447177886962979 -0.916664949059486367 4.391316628456115367 0.423535510897636414 0.528170479834079720
0.039051113277673723 -4.121271991729736683 -1.110792738199233964 -3.315099668502807795 -0.918409213423728943 2.974489903450012296 0.587361507117748260 -0.411220546811819077
3.007102227210998624 -2.879856038093566717 -2.102384841442108243 2.751390886306762873 0.511496424674987793 -1.056568634510040239 0.120651465654373166 -2.196270334720611395
5.362119626998901545 -2.157601344585418524 -0.278449317812919594 3.542014932632446378 -2.670095229148864657 -0.400780776143074058 -1.354548990726470947 -1.479335355758667037
1.614501404762268111 -2.344311153888702481 -1.116260695457458541 4.098192787170409801 -0.318862763792276405 2.430624198913574396 0.180687551200389873 -2.955195426940917969
5.695011711120605113 -3.163255286216736017 -1.939802479743957475 4.002207279205322266 -0.496616876125335671 -1.561375141143798828 0.450761806964874279 -2.492273688316345215
5.086276674270630238 -1.242399668693542569 -0.601791259646415666 6.543603801727295277 -1.749559104442596436 -1.018211835622787387 -0.268077546358108543 -4.084649729728698553
2.095584106445312678 0.750270026922225997 2.517505502700805753 3.134817337989807218 -4.036705899238586248 1.068653598427772522 -1.272322583198547408 -1.349790632724761963
5.189397001266479847 -1.842020034790039062 0.950925427675247237 3.096826577186584384 -2.425719642639160067 -1.118248647451400846 0.007837654650211334 -0.310869376361370076
1.410840702056884721 0.325260718166828167 1.411372309923172086 2.883227133750915439 -3.212305116653442205 1.102071851491928101 -0.852197468280792236 -1.342771041393280074
1.173716241121292025 -2.150345802307128906 -0.332137162983417500 -2.342907512187957675 1.689321696758270264 6.747242546081542613 0.030642531812191010 0.310052827000617981
0.946803247928619363 -3.078206157684326261 -0.480242201685905479 -3.728644037246704013 0.367116414010524750 7.631445503234862926 1.424538081884384244 0.676981407403945967
1.871320426464080811 -2.955107760429382502 -0.367624287307262432 -4.119311523437500178 0.432274919748306286 6.124860429763794301 1.633124554157256991 0.569481733441352889
0.125821241736412043 -1.233342623710632413 -0.298656919598579429 -3.938789916038513361 0.285782696306705497 5.297675991058349965 1.618839788436889693 -0.640746933221816972
0.291484557837247860 -2.708109116554260343 -0.505193595588207200 -4.540574216842651722 0.146178562194108963 1.217116641998291060 0.133161155879497534 0.195043870806694025
-2.031845414638519198 -3.687945055961608709 -3.259198880195617765 -1.333008074760436923 -0.163650438189506531 -0.652248376607894920 0.641286209225654602 0.231465525925159454
-0.346035635471343972 -2.121099829673767090 -0.417916086316108715 -3.295740914344787775 0.803491806983947732 -2.598250603675842374 0.502669042348861672 -1.768957316875457764
-3.451401972770690829 -4.419655418395995738 -1.246792960166931197 -1.333116173744201660 -0.167954527586698543 -0.709146976470947266 0.268150141835212685 -0.677972733974456787
