-1.126943826675415039e+00 -6.889498829841613770e-01 -2.393190860748291016e+00 -2.890270709991455078e+00 1.662114381790161133e+00 -8.228680491447448730e-01 2.151024103164672852e+00 -6.999389529228210449e-01
8.902417421340942383e-01 2.342839956283569336e+00 2.590084791183471680e+00 -4.474945962429046631e-01 -3.127613365650177002e-01 -1.323607206344604492e+00 3.614974975585937500e+00 3.484684526920318604e-01
-1.603466033935546875e+00 1.194249987602233887e+00 2.744634151458740234e+00 3.216358184814453125e+00 1.232868313789367676e+00 -1.901661157608032227e+00 1.660113930702209473e+00 -8.999174237251281738e-01
-4.204845428466796875e-01 4.406675338745117188e+00 2.536108970642089844e+00 8.990181684494018555e-01 9.100843667984008789e-01 -1.218355894088745117e+00 1.878125905990600586e+00 1.606092095375061035e+00
-4.206404685974121094e+00 -2.799248933792114258e+00 -2.100018225610256195e-02 -4.099104404449462891e-01 -1.239893913269042969e+00 -6.437188386917114258e-01 1.418505907058715820e+00 -9.157282710075378418e-01
-2.597298383712768555e+00 -1.777868628501892090e+00 2.572572946548461914e+00 -1.100461244583129883e+00 -1.415149688720703125e+00 2.957796573638916016e+00 9.824420809745788574e-01 -4.877583384513854980e-01
-3.372233152389526367e+00 -7.872295379638671875e-01 2.485218524932861328e+00 -7.567982673645019531e-01 -1.957079887390136719e+00 3.303361237049102783e-01 1.370181083679199219e+00 -2.382767647504806519e-01
-2.808678150177001953e+00 -2.401864528656005859e+00 7.567470073699951172e-01 -1.726104378700256348e+00 -1.145386457443237305e+00 1.921083688735961914e+00 1.371927738189697266e+00 -9.196791648864746094e-01
5.063065886497497559e-01 4.823992252349853516e+00 3.088466167449951172e+00 -7.328873872756958008e-01 2.063717544078826904e-01 1.621550321578979492e+00 2.867861270904541016e+00 1.615102052688598633e+00
-2.547196112573146820e-02 3.796890974044799805e+00 2.504428625106811523e+00 1.546850800514221191e+00 5.896229743957519531e-01 -3.886632323265075684e-01 2.890554904937744141e+00 3.558162748813629150e-01
6.055783033370971680e-01 4.089155673980712891e+00 1.799133896827697754e+00 -2.334911823272705078e+00 9.810981750488281250e-01 2.002882480621337891e+00 3.188122272491455078e+00 1.437754631042480469e+00
-8.137042820453643799e-02 3.841536045074462891e+00 2.874643802642822266e+00 -5.662646293640136719e-01 -8.161844313144683838e-02 -3.830985128879547119e-01 3.351506471633911133e+00 8.099210858345031738e-01
-1.522588014602661133e+00 3.106566667556762695e+00 2.216798305511474609e+00 -1.229615449905395508e+00 -8.588510751724243164e-01 3.214075088500976562e+00 2.297966241836547852e+00 -1.046691417694091797e+00
-2.409981966018676758e+00 -3.712604194879531860e-02 1.586981058120727539e+00 -1.967541337013244629e+00 -1.604614019393920898e+00 2.838467121124267578e+00 1.658012390136718750e+00 -1.364237070083618164e+00
-1.914569258689880371e+00 2.403037548065185547e+00 1.698480367660522461e+00 -1.840437650680541992e+00 -3.072874248027801514e-01 2.552532672882080078e+00 1.375143289566040039e+00 7.831651568412780762e-01
-4.373180866241455078e+00 -3.250491380691528320e+00 1.546473824419081211e-03 -2.520365118980407715e-01 -3.633468449115753174e-01 -1.282308816909790039e+00 1.353512883186340332e+00 -8.716061711311340332e-01
-4.101500511169433594e-01 1.840266585350036621e+00 1.636458039283752441e+00 -4.088332056999206543e-01 -7.502400279045104980e-01 3.639854431152343750e+00 2.178327798843383789e+00 -6.986327767372131348e-01
2.119975566864013672e+00 3.637860774993896484e+00 2.826929330825805664e+00 4.885412156581878662e-01 5.536802411079406738e-01 -1.806866049766540527e+00 1.515858173370361328e+00 5.371596217155456543e-01
-5.201742649078369141e-01 4.467487812042236328e+00 1.007008314132690430e+00 -7.078626751899719238e-01 8.256416320800781250e-01 -7.968993782997131348e-01 2.455016613006591797e+00 -5.728621035814285278e-02
-2.563455581665039062e+00 2.562003135681152344e+00 2.001705408096313477e+00 -2.285154163837432861e-01 -2.183435261249542236e-01 -8.639524579048156738e-01 5.755704641342163086e-01 -7.882688045501708984e-01
-4.789265155792236328e+00 -3.020442724227905273e+00 -1.204209566116333008e+00 3.075420856475830078e+00 -6.785517930984497070e-01 -1.098720908164978027e+00 1.504699110984802246e+00 -3.577356934547424316e-01
-4.702792167663574219e+00 -3.649610996246337891e+00 -8.570001721382141113e-01 2.606929540634155273e+00 -9.035989046096801758e-01 -1.349135041236877441e+00 1.155813336372375488e+00 -2.160439789295196533e-01
-4.284225463867187500e+00 -1.423231959342956543e+00 4.301128983497619629e-01 3.407298564910888672e+00 1.867040693759918213e-01 7.342518568038940430e-01 1.775111794471740723e+00 1.135971188545227051e+00
-4.654890537261962891e+00 -3.408659458160400391e+00 -3.654614388942718506e-01 3.141328096389770508e+00 -5.801499485969543457e-01 3.440008759498596191e-01 1.287616968154907227e+00 -9.165108948945999146e-02
5.880190134048461914e-01 2.951919555664062500e+00 2.223678350448608398e+00 -1.433655142784118652e+00 -2.650198459625244141e+00 3.314866542816162109e+00 1.617833495140075684e+00 6.094828248023986816e-01
-2.507553815841674805e+00 -3.853124678134918213e-01 1.572815656661987305e+00 2.542686462402343750e+00 -2.498856306076049805e+00 8.409819602966308594e-01 -5.020063519477844238e-01 3.317034244537353516e-02
1.267478585243225098e+00 1.359251260757446289e+00 2.081215143203735352e+00 1.507050752639770508e+00 -1.511030793190002441e+00 2.007730960845947266e+00 -1.776810407638549805e+00 2.252847909927368164e+00
2.536407232284545898e+00 -1.535201549530029297e+00 9.128683209419250488e-01 2.884383499622344971e-01 -1.994238257408142090e+00 -6.501662135124206543e-01 6.841323971748352051e-01 -1.285761475563049316e+00
1.045598745346069336e+00 1.834205269813537598e+00 1.492624521255493164e+00 -2.286968708038330078e+00 -1.382839918136596680e+00 1.911600112915039062e+00 2.982565164566040039e+00 2.827665805816650391e+00
2.690503358840942383e+00 1.491838216781616211e+00 8.279213905334472656e-01 2.436372078955173492e-02 -5.186707973480224609e-01 3.828871488571166992e+00 9.490602612495422363e-01 1.240292787551879883e+00
-1.073104590177536011e-01 3.657814741134643555e+00 1.178390979766845703e+00 -1.511246204376220703e+00 -1.796635866165161133e+00 3.562127947807312012e-01 9.986907243728637695e-01 3.000345230102539062e+00
-2.168707370758056641e+00 1.195374250411987305e+00 1.445682764053344727e+00 2.271110564470291138e-01 -1.352345228195190430e+00 -8.527719378471374512e-01 1.190166115760803223e+00 1.290574789047241211e+00
2.263864517211914062e+00 -1.736655235290527344e+00 1.217059850692749023e+00 -8.842394948005676270e-01 -2.167992115020751953e+00 2.821782350540161133e+00 1.685993432998657227e+00 1.010572791099548340e+00
1.749069571495056152e+00 2.589869022369384766e+00 3.482986450195312500e+00 -9.900585412979125977e-01 -1.160306334495544434e-01 2.257430553436279297e+00 3.466435670852661133e+00 1.253689646720886230e+00
3.548905134201049805e+00 1.482386231422424316e+00 2.544807672500610352e+00 -5.420230031013488770e-01 -1.430252552032470703e+00 1.152150869369506836e+00 2.879573822021484375e+00 2.456964015960693359e+00
3.134889900684356689e-01 -8.148293495178222656e-01 2.140399456024169922e+00 -7.118625044822692871e-01 -2.053728580474853516e+00 3.962980985641479492e+00 7.473477125167846680e-01 2.875564992427825928e-01
4.654864370822906494e-01 2.050647258758544922e+00 1.446064412593841553e-01 -3.429723262786865234e+00 -1.108446478843688965e+00 4.074988365173339844e+00 1.475325942039489746e+00 -1.788925677537918091e-01
5.542551875114440918e-01 6.674135923385620117e-01 2.278734683990478516e+00 -1.548193991184234619e-01 -5.433620810508728027e-01 1.832606911659240723e+00 1.908390045166015625e+00 -6.839028596878051758e-01
2.586304545402526855e-01 3.047075271606445312e+00 2.437810420989990234e+00 -1.197309717535972595e-01 -2.001394748687744141e+00 2.893403530120849609e+00 -3.460069596767425537e-01 -1.844517111778259277e+00
3.449760913848876953e+00 8.532832860946655273e-01 2.488747119903564453e+00 -1.939691185951232910e+00 1.086673021316528320e+00 6.688534617424011230e-01 2.588673830032348633e+00 1.106094241142272949e+00
-1.988834619522094727e+00 2.677794218063354492e+00 2.154287815093994141e+00 -1.223053932189941406e+00 -8.614737540483474731e-02 3.102808952331542969e+00 1.464860320091247559e+00 -8.163025975227355957e-01
-3.808577060699462891e+00 6.382521390914916992e-01 1.466040492057800293e+00 -5.763358473777770996e-01 -6.332504153251647949e-01 -1.207685232162475586e+00 2.852439165115356445e+00 -9.734480082988739014e-02
-1.115502715110778809e+00 -1.443117737770080566e+00 5.467982292175292969e-01 -2.078622579574584961e+00 -4.840579628944396973e-01 3.271211147308349609e+00 2.150841653347015381e-01 -2.429351508617401123e-01
-2.361437320709228516e+00 3.899079084396362305e+00 1.936695456504821777e+00 -1.073803782463073730e+00 -3.261185288429260254e-01 1.443690061569213867e+00 1.954356789588928223e+00 -1.850246787071228027e-01
-3.545526027679443359e+00 -2.276100873947143555e+00 -8.730933070182800293e-01 3.648687839508056641e+00 -1.691435277462005615e-01 -8.431041836738586426e-01 1.022179841995239258e+00 -3.189933001995086670e-01
-3.091467618942260742e+00 -5.014777779579162598e-01 1.318364500999450684e+00 3.501323223114013672e+00 -7.048718333244323730e-01 -1.511204481124877930e+00 8.921941518783569336e-01 -8.816676139831542969e-01
-3.291748523712158203e+00 -2.953895807266235352e+00 -8.694739341735839844e-01 1.721055388450622559e+00 6.813363432884216309e-01 -1.748134374618530273e+00 1.648346900939941406e+00 -6.349703669548034668e-01
-4.323325634002685547e+00 -2.307724475860595703e+00 1.438877731561660767e-01 1.593404531478881836e+00 -8.079975247383117676e-01 -3.876862823963165283e-01 5.057615637779235840e-01 -4.047324657440185547e-01
-9.876910448074340820e-01 1.982966661453247070e+00 2.105556488037109375e+00 -2.269567012786865234e+00 1.997051596641540527e+00 3.742747545242309570e+00 7.201007604598999023e-01 1.245127171277999878e-01
-1.553394794464111328e-01 2.364764690399169922e+00 1.305926918983459473e+00 -3.380561828613281250e+00 1.703438043594360352e+00 8.743610382080078125e-01 8.245555758476257324e-01 -4.169589877128601074e-01
-6.082710623741149902e-01 2.256352007389068604e-01 3.227286100387573242e+00 -2.395541667938232422e+00 3.886764943599700928e-01 2.954105615615844727e+00 1.141636252403259277e+00 8.546074032783508301e-01
-1.827548980712890625e+00 3.975037038326263428e-01 1.652269601821899414e+00 -2.732206106185913086e+00 -4.468166828155517578e-01 2.847874879837036133e+00 1.189580202102661133e+00 -2.303921282291412354e-01
-2.554122209548950195e+00 -1.290318846702575684e+00 2.158190757036209106e-01 1.128348469734191895e+00 -1.889836907386779785e+00 -3.462285697460174561e-01 4.533564448356628418e-01 7.264403104782104492e-01
-2.000149250030517578e+00 -2.292029857635498047e+00 -2.754178524017333984e+00 -1.931066870689392090e+00 1.370963215827941895e+00 -2.191816091537475586e+00 1.147565245628356934e+00 -1.445510983467102051e+00
-2.461038589477539062e+00 -2.691549539566040039e+00 -1.065524578094482422e+00 -1.350805521011352539e+00 2.988988399505615234e+00 -1.106874704360961914e+00 1.626130461692810059e+00 -8.116601705551147461e-01
-3.663624525070190430e+00 -6.861556172370910645e-01 1.630396842956542969e+00 -1.114995002746582031e+00 3.279188275337219238e-02 -7.399572134017944336e-01 8.903848528861999512e-01 -1.320788860321044922e+00
5.437951564788818359e+00 -7.423954606056213379e-01 1.494213342666625977e+00 4.637537598609924316e-01 1.783461213111877441e+00 -6.135978698730468750e-01 1.729692220687866211e+00 3.320851624011993408e-01
2.946734905242919922e+00 -2.593130588531494141e+00 -7.037236690521240234e-01 -4.019876420497894287e-01 1.383925080299377441e+00 -2.473623514175415039e+00 7.217662334442138672e-01 -2.174114704132080078e+00
3.867259979248046875e+00 -2.655376791954040527e-01 -4.341545701026916504e-01 -5.823956727981567383e-01 3.801622986793518066e-01 2.436670541763305664e+00 1.381013751029968262e+00 -1.098670840263366699e+00
1.944754958152770996e+00 3.726744353771209717e-01 4.947524964809417725e-01 -3.719202756881713867e+00 3.781716823577880859e-01 -5.305746793746948242e-01 1.207098722457885742e+00 1.616775512695312500e+00
-2.884578943252563477e+00 -1.096328496932983398e+00 1.204124808311462402e+00 8.414772897958755493e-02 3.257778882980346680e+00 -2.264152020215988159e-01 -3.705816268920898438e-01 -9.841660410165786743e-02
-1.316137909889221191e-01 2.670950412750244141e+00 3.359545469284057617e+00 -1.746125578880310059e+00 4.805367588996887207e-01 2.272598266601562500e+00 5.754830241203308105e-01 9.123150110244750977e-01
-5.569989085197448730e-01 1.605524420738220215e+00 2.690850734710693359e+00 1.003082156181335449e+00 1.453291654586791992e+00 -7.709717154502868652e-01 1.552194356918334961e+00 2.136812508106231689e-01
-6.538611054420471191e-01 -3.654260933399200439e-01 1.658759832382202148e+00 -5.289750695228576660e-01 -1.163667559623718262e+00 -2.687956690788269043e-01 9.880437850952148438e-01 1.913881301879882812e+00
-3.719467520713806152e-01 1.252621054649353027e+00 9.453835487365722656e-01 -2.487386226654052734e+00 1.744783639907836914e+00 -1.994346022605895996e+00 -9.185148477554321289e-01 6.197089552879333496e-01
-1.589894652366638184e+00 5.973421931266784668e-01 1.336623549461364746e+00 4.912122786045074463e-01 -1.789361238479614258e+00 3.286207914352416992e+00 5.761624574661254883e-01 1.126007080078125000e+00
-3.535353899002075195e+00 -3.474084854125976562e+00 -8.980604410171508789e-01 -7.049707174301147461e-01 1.013804078102111816e+00 -1.336936354637145996e+00 9.589258432388305664e-01 -1.165617704391479492e+00
8.229936361312866211e-01 1.000856995582580566e+00 1.163425087928771973e+00 -1.662281036376953125e+00 9.150667190551757812e-01 -2.159491062164306641e+00 8.182948231697082520e-01 1.389912724494934082e+00
1.112518548965454102e+00 5.627132654190063477e-01 2.110576152801513672e+00 -1.468033432960510254e+00 -6.565036624670028687e-02 3.039885044097900391e+00 1.386077284812927246e+00 -3.834801018238067627e-01
1.049456834793090820e+00 4.420750737190246582e-01 5.466426610946655273e-01 -1.124099016189575195e+00 1.521850109100341797e+00 1.425302267074584961e+00 1.654643654823303223e+00 -1.112270832061767578e+00
1.551265478134155273e+00 2.473261356353759766e+00 -1.347600221633911133e+00 -3.032612323760986328e+00 1.282627582550048828e+00 -4.664007127285003662e-01 1.841120481491088867e+00 -2.481568306684494019e-01
8.420561552047729492e-01 2.371587276458740234e+00 1.901331692934036255e-01 -2.013816118240356445e+00 1.078389525413513184e+00 2.814375162124633789e+00 2.634519100189208984e+00 -1.563410401344299316e+00
-1.039491891860961914e+00 1.199999451637268066e+00 2.113520383834838867e+00 -2.579219579696655273e+00 -8.336960673332214355e-01 3.549005031585693359e+00 1.781701445579528809e+00 2.646015286445617676e-01
-2.441355228424072266e+00 -2.319108247756958008e+00 1.556475758552551270e+00 1.322623133659362793e+00 7.841360569000244141e-01 -1.073975205421447754e+00 1.897716879844665527e+00 -1.224713802337646484e+00
-5.564268827438354492e-01 3.051424503326416016e+00 2.755678653717041016e+00 -2.674207925796508789e+00 -3.158431649208068848e-01 2.986655712127685547e+00 1.573127150535583496e+00 -4.859033226966857910e-01
-1.618956208229064941e+00 6.287699341773986816e-01 3.280531406402587891e+00 1.737137556076049805e+00 -4.541845321655273438e-01 -2.842006683349609375e-01 1.150929212570190430e+00 -7.093757390975952148e-01
2.030422449111938477e+00 -3.528975009918212891e+00 -1.932273864746093750e+00 -1.253570675849914551e+00 -1.343232989311218262e-01 -1.468873023986816406e+00 -1.808575630187988281e+00 3.232137262821197510e-01
4.249662458896636963e-01 -3.402828931808471680e+00 -3.340734004974365234e+00 -4.737001061439514160e-01 1.562143564224243164e+00 -1.304331421852111816e+00 7.927801609039306641e-01 -1.662470102310180664e+00
1.369362622499465942e-01 -3.768203735351562500e+00 -3.055028438568115234e+00 -2.127957344055175781e+00 1.895091652870178223e+00 -7.415938377380371094e-01 7.304814457893371582e-01 -9.175324440002441406e-01
-4.420623779296875000e-01 -3.279624462127685547e+00 -2.770123720169067383e+00 -9.025387763977050781e-01 1.643187522888183594e+00 -1.463983178138732910e+00 7.601380944252014160e-01 -1.407948493957519531e+00
-4.257135391235351562e+00 -1.348437070846557617e+00 9.991171956062316895e-01 1.758730649948120117e+00 -9.444538950920104980e-01 -1.947674393653869629e+00 8.508244752883911133e-01 2.400625199079513550e-01
-2.891958713531494141e+00 -3.222724199295043945e+00 -6.503079533576965332e-01 9.928140640258789062e-01 -1.685011506080627441e+00 7.167656719684600830e-02 2.266562078148126602e-03 -6.438929438591003418e-01
-2.893573284149169922e+00 -3.529872894287109375e+00 -2.340857982635498047e+00 -1.434336662292480469e+00 4.662907719612121582e-01 -1.371453642845153809e+00 1.020491719245910645e+00 -1.137115836143493652e+00
-4.704121589660644531e+00 -2.674139499664306641e+00 -4.240424633026123047e-01 1.429082632064819336e+00 -1.053675532341003418e+00 -9.608025550842285156e-01 1.232927441596984863e+00 -6.564627289772033691e-01
-3.211714625358581543e-01 8.012846708297729492e-01 1.416835546493530273e+00 1.316181898117065430e+00 -2.120867967605590820e+00 2.944838285446166992e+00 3.797587752342224121e-01 -5.177292823791503906e-01
-2.307780742645263672e+00 1.071633577346801758e+00 2.833584070205688477e+00 -1.192665845155715942e-01 -1.209837079048156738e+00 3.298341274261474609e+00 4.504148364067077637e-01 1.050199747085571289e+00
-2.231798887252807617e+00 1.465016841888427734e+00 2.057099580764770508e+00 -8.502105474472045898e-01 -2.360535621643066406e+00 4.364039421081542969e+00 1.818743301555514336e-03 -4.750281870365142822e-01
5.973064303398132324e-01 2.156681537628173828e+00 2.941236019134521484e+00 -1.318058252334594727e+00 -3.732481002807617188e+00 3.621514558792114258e+00 3.512353450059890747e-02 7.828748822212219238e-01
8.378585577011108398e-01 -3.456250667572021484e+00 -1.041103720664978027e+00 2.932671070098876953e+00 6.400496512651443481e-02 3.969977855682373047e+00 1.674954593181610107e-01 -8.704043626785278320e-01
4.691766574978828430e-02 -1.757576584815979004e+00 -4.451611042022705078e-01 2.008846044540405273e+00 -1.676328897476196289e+00 4.218955039978027344e+00 -2.388156950473785400e-02 4.833465516567230225e-01
-6.866101622581481934e-01 -2.886642813682556152e-01 6.050848364830017090e-01 2.391654253005981445e-01 -2.596463441848754883e+00 4.635448455810546875e+00 1.349736601114273071e-01 -5.904959440231323242e-01
-2.657082557678222656e+00 4.390290677547454834e-01 1.122703909873962402e+00 2.011435270309448242e+00 -2.268539428710937500e+00 1.856465101242065430e+00 -2.669286429882049561e-01 8.233280181884765625e-01
-1.809951961040496826e-01 1.098990559577941895e+00 1.575887918472290039e+00 3.426296710968017578e+00 8.377729654312133789e-01 1.082481145858764648e+00 1.356286168098449707e+00 -9.483935236930847168e-01
2.268497087061405182e-02 1.915129661560058594e+00 3.196038484573364258e+00 -3.014534115791320801e-01 -2.481437206268310547e+00 5.147443771362304688e+00 1.032149553298950195e+00 -1.568354010581970215e+00
9.476308822631835938e-01 1.705608367919921875e+00 1.397730588912963867e+00 2.060908317565917969e+00 -2.562762022018432617e+00 3.302959918975830078e+00 1.096077203750610352e+00 -1.928930282592773438e+00
8.074382543563842773e-01 2.455974817276000977e+00 3.538322925567626953e+00 1.345977485179901123e-01 -3.447590589523315430e+00 3.486783981323242188e+00 2.736871838569641113e-01 -2.918771505355834961e-01
2.315151453018188477e+00 -1.917115971446037292e-02 1.223136067390441895e+00 -3.484333753585815430e+00 3.942505717277526855e-01 2.262856006622314453e+00 2.257168292999267578e+00 2.893125414848327637e-01
1.298966288566589355e+00 1.095212697982788086e-01 -9.827820062637329102e-01 -2.965253353118896484e+00 -1.434847950935363770e+00 3.119901418685913086e+00 -3.251740336418151855e-01 1.250367879867553711e+00
4.043181419372558594e+00 -3.166100502014160156e+00 -1.480659723281860352e+00 -2.466355323791503906e+00 -1.650085747241973877e-01 2.586912631988525391e+00 -1.513690203428268433e-01 1.837179780006408691e+00
1.169061422348022461e+00 -2.322663784027099609e+00 8.232921361923217773e-01 -4.581842422485351562e-01 -1.749767541885375977e+00 1.848243176937103271e-01 1.065204858779907227e+00 8.835145235061645508e-01
1.718898534774780273e+00 -4.962831497192382812e+00 -2.297333240509033203e+00 -2.462091445922851562e+00 -7.538610100746154785e-01 2.908853292465209961e+00 -2.187594175338745117e-01 1.121127605438232422e+00
-1.536982774734497070e+00 -4.038659095764160156e+00 -1.162600755691528320e+00 -2.851238965988159180e+00 1.042739629745483398e+00 1.136857390403747559e+00 -5.792509913444519043e-01 -2.471159398555755615e-01
-2.014532536268234253e-01 -1.332773447036743164e+00 -4.493604302406311035e-01 -2.440547466278076172e+00 3.800180852413177490e-01 3.447358369827270508e+00 5.727858543395996094e-01 5.565209984779357910e-01
4.198040068149566650e-01 -2.434627532958984375e+00 -3.638939857482910156e-01 -6.828480958938598633e-01 -1.518648743629455566e+00 1.522126913070678711e+00 3.425716161727905273e-01 -3.282280862331390381e-01
7.081678509712219238e-01 -3.555394411087036133e+00 -1.080676794052124023e+00 2.879106044769287109e+00 5.738165378570556641e-01 1.335280895233154297e+00 1.650075241923332214e-02 -1.068063139915466309e+00
2.654685020446777344e+00 -2.486037254333496094e+00 -1.415353566408157349e-01 3.064526796340942383e+00 -1.588230133056640625e+00 1.406040668487548828e+00 -2.427265644073486328e+00 6.990302801132202148e-01
2.529591083526611328e+00 -3.275562286376953125e+00 -3.917259871959686279e-01 2.586684942245483398e+00 -5.310243368148803711e-01 2.036499023437500000e+00 -6.319509744644165039e-01 -1.821352362632751465e+00
2.326988697052001953e+00 -1.614245057106018066e+00 -2.092245370149612427e-01 3.495509624481201172e+00 -5.330315828323364258e-01 1.270756959915161133e+00 -5.501615405082702637e-01 -7.179461717605590820e-01
2.887082576751708984e+00 -7.960851192474365234e-01 7.454506158828735352e-01 4.791785240173339844e+00 -2.272942304611206055e+00 -8.424766361713409424e-02 -7.889189720153808594e-01 -1.031979799270629883e+00
1.325828075408935547e+00 -4.650961756706237793e-01 1.713710784912109375e+00 2.556261777877807617e+00 -2.591363191604614258e+00 2.012281417846679688e-01 1.167456880211830139e-01 -1.986114144325256348e+00
1.947944998741149902e+00 -1.206049323081970215e+00 5.827615857124328613e-01 2.734318971633911133e+00 -1.631003141403198242e+00 7.476983666419982910e-01 -6.802682280540466309e-01 6.281680464744567871e-01
8.935063481330871582e-01 7.158373594284057617e-01 2.637382984161376953e+00 3.386822462081909180e+00 -1.780460119247436523e+00 7.044156789779663086e-01 1.606645584106445312e-01 -2.200148344039916992e+00
5.668104887008666992e-01 -2.933137178421020508e+00 -7.333882898092269897e-02 -2.313406229019165039e+00 1.579257607460021973e+00 4.940441131591796875e+00 -4.030130803585052490e-01 9.126370549201965332e-01
1.595934987068176270e+00 -1.296787500381469727e+00 3.078802824020385742e-01 -3.475265979766845703e+00 -3.832786679267883301e-01 4.908242225646972656e+00 1.458479046821594238e+00 7.028400897979736328e-01
2.459800004959106445e+00 -2.291575908660888672e+00 -1.460108518600463867e+00 -3.248506546020507812e+00 1.144480109214782715e-01 3.989647388458251953e+00 3.263348937034606934e-01 1.980856895446777344e+00
-1.186342477798461914e+00 6.683136224746704102e-01 1.680026769638061523e+00 -3.192940235137939453e+00 -8.844246864318847656e-01 4.197447776794433594e+00 2.179457187652587891e+00 -8.416801691055297852e-01
-2.362070418894290924e-02 8.895147442817687988e-01 9.622834324836730957e-01 -3.289428234100341797e+00 -2.128952741622924805e-01 3.057157993316650391e+00 1.312703490257263184e+00 -9.752573445439338684e-03
-2.589269280433654785e-01 -3.334212779998779297e+00 -2.332017660140991211e+00 5.094661116600036621e-01 -1.254031896591186523e+00 2.995052635669708252e-01 -2.552382647991180420e-01 3.886141777038574219e-01
-9.535552859306335449e-01 -3.112631320953369141e+00 -8.219072222709655762e-01 -1.234982609748840332e+00 1.005082726478576660e+00 -1.730485916137695312e+00 -4.886879771947860718e-02 -1.103949785232543945e+00
-2.001158237457275391e+00 -4.051463127136230469e+00 -4.394658207893371582e-01 -1.152877926826477051e+00 -8.637092709541320801e-01 -1.760248243808746338e-01 -8.433550596237182617e-02 5.100263357162475586e-01
