-1.638637542724609375e+00 -5.448610782623291016e-01 -1.830186486244201660e+00 -3.325402498245239258e+00 5.312007665634155273e-01 -2.746126174926757812e+00 1.508090019226074219e+00 -1.925941228866577148e+00
4.532217085361480713e-01 -1.433858573436737061e-01 3.455931425094604492e+00 -2.218008995056152344e+00 -2.628335170447826385e-02 -2.567662239074707031e+00 4.053677082061767578e+00 -3.626297414302825928e-01
-1.820143938064575195e+00 1.840580940246582031e+00 1.487848758697509766e+00 1.210871696472167969e+00 2.334696292877197266e+00 -1.609062910079956055e+00 2.234499216079711914e+00 -3.568954765796661377e-01
-3.542098999023437500e-01 1.924770116806030273e+00 2.062721729278564453e+00 -1.773359775543212891e+00 1.978853583335876465e+00 -2.724585533142089844e+00 2.067043781280517578e+00 -2.929482460021972656e-01
-3.880177497863769531e+00 -2.907992124557495117e+00 -2.168915867805480957e-01 -1.140104055404663086e+00 -7.589596509933471680e-01 1.873417645692825317e-01 -4.869919270277023315e-02 -9.986721873283386230e-01
-2.497279167175292969e+00 -1.360217332839965820e+00 2.895789861679077148e+00 -1.477451205253601074e+00 -1.898271918296813965e+00 2.082157135009765625e+00 6.094597578048706055e-01 -1.193094015121459961e+00
-2.387066602706909180e+00 -2.484941720962524414e+00 1.694113254547119141e+00 -2.717083454132080078e+00 -1.668838500976562500e+00 6.463853716850280762e-01 9.362894296646118164e-01 -1.568557977676391602e+00
-1.953824043273925781e+00 -2.265415430068969727e+00 1.684509277343750000e+00 -2.694556236267089844e+00 -7.520993351936340332e-01 3.394152641296386719e+00 -5.630679428577423096e-02 -1.652010560035705566e+00
2.932450175285339355e-01 3.620303153991699219e+00 4.276247501373291016e+00 -9.577743709087371826e-02 3.442393541336059570e-01 2.115004301071166992e+00 3.417228460311889648e+00 1.674867630004882812e+00
6.508191823959350586e-01 4.044106960296630859e+00 2.710528135299682617e+00 1.832374811172485352e+00 1.536335349082946777e+00 -1.069999814033508301e+00 2.507708311080932617e+00 6.195559501647949219e-01
5.897052288055419922e-01 2.118270397186279297e+00 3.170106649398803711e+00 -2.651030063629150391e+00 9.904959201812744141e-01 1.594698429107666016e+00 3.626596927642822266e+00 1.160236835479736328e+00
-8.864089846611022949e-02 3.644686222076416016e+00 2.582808971405029297e+00 2.328314483165740967e-01 1.629014849662780762e+00 -6.365585327148437500e-01 2.884698629379272461e+00 7.962829470634460449e-01
-2.103984832763671875e+00 1.391414165496826172e+00 3.058822154998779297e+00 -2.304279327392578125e+00 -5.976617336273193359e-01 2.104213714599609375e+00 -1.916838884353637695e-01 -1.070662498474121094e+00
-2.934463024139404297e+00 -9.485508501529693604e-02 1.417502403259277344e+00 -1.593825221061706543e+00 -1.206350564956665039e+00 1.502231478691101074e+00 -3.945935964584350586e-01 -9.031046628952026367e-01
-1.977213740348815918e+00 2.209486961364746094e+00 2.586513996124267578e+00 -1.420968770980834961e+00 1.992087066173553467e-01 1.824904322624206543e+00 1.533695757389068604e-01 2.235358059406280518e-01
-3.920235395431518555e+00 -2.063183069229125977e+00 5.312522053718566895e-01 -1.163134336471557617e+00 -7.858147621154785156e-01 6.016708016395568848e-01 -4.388473182916641235e-02 -1.228710174560546875e+00
-1.309762239456176758e+00 3.147240161895751953e+00 2.410088062286376953e+00 -5.845260620117187500e-01 6.909892559051513672e-01 4.211923599243164062e+00 2.260070562362670898e+00 -2.426738023757934570e+00
1.216682791709899902e+00 2.364569425582885742e+00 3.269230604171752930e+00 -1.653894782066345215e-02 1.533341526985168457e+00 -1.599684238433837891e+00 4.226624011993408203e+00 5.513377785682678223e-01
1.207875370979309082e+00 3.611176013946533203e+00 2.805454254150390625e+00 4.815062880516052246e-01 1.077250123023986816e+00 -6.997690200805664062e-01 3.491496801376342773e+00 -3.253342509269714355e-01
-1.759216904640197754e+00 1.567180752754211426e+00 1.676623582839965820e+00 -1.186405420303344727e+00 9.713833332061767578e-01 -5.356947183609008789e-01 7.251052856445312500e-01 -2.103721141815185547e+00
-5.222420692443847656e+00 -3.040112018585205078e+00 -6.639915704727172852e-01 4.614364624023437500e+00 -2.177386879920959473e-01 -4.585118293762207031e-01 2.386747360229492188e+00 3.060068488121032715e-01
-4.809959888458251953e+00 -3.755920171737670898e+00 -1.443939566612243652e+00 2.692676544189453125e+00 -5.308657884597778320e-01 6.267517805099487305e-02 7.299928665161132812e-01 7.112470269203186035e-01
-3.790513038635253906e+00 -3.021700143814086914e+00 -7.840005159378051758e-01 3.453474044799804688e+00 -1.580352067947387695e+00 7.225611209869384766e-01 4.995106905698776245e-02 8.908308744430541992e-01
-4.014633655548095703e+00 -3.940607547760009766e+00 -1.242389559745788574e+00 3.086276531219482422e+00 -1.199482679367065430e+00 1.614030301570892334e-01 9.675132036209106445e-01 3.725998699665069580e-01
-6.743317246437072754e-01 1.696514368057250977e+00 3.321547031402587891e+00 -4.681193828582763672e-01 -2.686485767364501953e+00 4.572822570800781250e+00 -4.031366407871246338e-01 8.065033555030822754e-01
-2.135689973831176758e+00 4.766892194747924805e-01 2.019148111343383789e+00 -8.841603994369506836e-01 -2.927182674407958984e+00 1.123411297798156738e+00 -9.151389002799987793e-01 -1.122022151947021484e+00
-7.181547284126281738e-01 9.912065267562866211e-01 2.880409479141235352e+00 2.322245597839355469e+00 -2.294695854187011719e+00 1.631669402122497559e+00 -2.296082735061645508e+00 3.006892204284667969e+00
2.961241722106933594e+00 -2.978107213973999023e+00 1.781313180923461914e+00 -1.353159189224243164e+00 -8.073869943618774414e-01 -1.026244163513183594e+00 -8.807853460311889648e-01 -3.387384116649627686e-03
-4.202114418148994446e-02 1.556270003318786621e+00 3.721608221530914307e-02 -3.278396606445312500e+00 -2.620580196380615234e-01 -1.278478145599365234e+00 2.239636421203613281e+00 4.072238445281982422e+00
2.149452924728393555e+00 6.219394803047180176e-01 1.721832990646362305e+00 -3.652660608291625977e+00 -1.886987924575805664e+00 9.248631596565246582e-01 2.942390441894531250e+00 2.884714365005493164e+00
-7.956717014312744141e-01 2.494943618774414062e+00 2.750232696533203125e+00 -2.551357746124267578e+00 -2.674044132232666016e+00 -8.250615596771240234e-01 1.565561532974243164e+00 3.600537538528442383e+00
-2.725074291229248047e+00 1.049755692481994629e+00 9.335632324218750000e-01 -1.092212915420532227e+00 -1.295354723930358887e+00 -1.568856954574584961e+00 5.889257192611694336e-01 2.942363739013671875e+00
3.733976840972900391e+00 -2.529843807220458984e+00 2.294522047042846680e+00 -2.663328647613525391e+00 -9.501980543136596680e-01 2.492540836334228516e+00 4.234512329101562500e+00 1.925835251808166504e+00
3.281954288482666016e+00 -2.065890789031982422e+00 4.015915870666503906e+00 -3.653438568115234375e+00 -4.499620497226715088e-01 1.795685529708862305e+00 5.240334987640380859e+00 1.777897715568542480e+00
3.420041084289550781e+00 -2.271497726440429688e+00 3.511821508407592773e+00 -3.680102825164794922e+00 -7.068743705749511719e-01 2.008023977279663086e+00 4.014782428741455078e+00 2.408801794052124023e+00
-4.095754772424697876e-02 -8.367381691932678223e-01 3.622818708419799805e+00 -2.295058012008666992e+00 -1.335112810134887695e+00 4.897354602813720703e+00 3.082223415374755859e+00 -1.106271982192993164e+00
2.916582226753234863e-01 1.025842905044555664e+00 1.093493819236755371e+00 -3.173413991928100586e+00 -2.590133249759674072e-01 4.637588024139404297e+00 2.911125659942626953e+00 -2.487505435943603516e+00
1.142139196395874023e+00 -3.858546614646911621e-01 -7.342561483383178711e-01 -4.049203872680664062e+00 -2.416907623410224915e-02 1.012204051017761230e+00 1.715999722480773926e+00 -3.062213897705078125e+00
-6.004647910594940186e-02 3.010650634765625000e+00 2.391524791717529297e+00 -2.272334575653076172e+00 -1.869277477264404297e+00 1.283510088920593262e+00 6.885920166969299316e-01 -1.201801538467407227e+00
2.736277103424072266e+00 -1.559353113174438477e+00 2.508803606033325195e+00 -3.522130250930786133e+00 -3.955025970935821533e-01 -1.311660647392272949e+00 4.397247791290283203e+00 2.409626990556716919e-01
-2.471318960189819336e+00 -9.083665162324905396e-02 2.031727313995361328e+00 -2.744834899902343750e+00 -1.626773923635482788e-02 1.571567058563232422e+00 -3.666186928749084473e-01 -1.642177939414978027e+00
-3.587920665740966797e+00 5.674980878829956055e-01 1.291656494140625000e+00 -3.564339280128479004e-01 5.863907337188720703e-01 -5.754023790359497070e-02 1.535088777542114258e+00 -2.798689007759094238e-01
-2.316106319427490234e+00 -1.451337814331054688e+00 1.288888931274414062e+00 -2.458872318267822266e+00 1.045945584774017334e-01 2.943826436996459961e+00 -8.863576650619506836e-01 -1.620493769645690918e+00
-2.701091051101684570e+00 1.310880899429321289e+00 2.264719963073730469e+00 -1.477155208587646484e+00 7.381132245063781738e-01 6.182475686073303223e-01 4.222994446754455566e-01 -8.024449348449707031e-01
-4.123026847839355469e+00 -2.819975376129150391e+00 -5.130724906921386719e-01 3.061826705932617188e+00 -2.012584656476974487e-01 -9.336583614349365234e-01 1.687644839286804199e+00 -3.952799141407012939e-01
-3.966915607452392578e+00 -1.905266880989074707e+00 -5.139402747154235840e-01 1.671111106872558594e+00 3.824779391288757324e-02 -1.700535058975219727e+00 1.646113157272338867e+00 -8.734214901924133301e-01
-4.447447776794433594e+00 -2.857118606567382812e+00 -2.401710152626037598e-01 2.119236946105957031e+00 6.300732493400573730e-02 -1.782354593276977539e+00 1.819681286811828613e+00 -6.202031970024108887e-01
-3.262752056121826172e+00 -2.120750904083251953e+00 -6.870672106742858887e-01 4.760182857513427734e+00 -4.465657472610473633e-01 -1.014848709106445312e+00 1.769507884979248047e+00 -3.625466525554656982e-01
3.383562266826629639e-01 -1.561496257781982422e-01 3.168297290802001953e+00 -2.763997793197631836e+00 1.797020316123962402e+00 3.475340843200683594e+00 2.961753010749816895e-01 5.140647292137145996e-01
-3.480871915817260742e-01 1.375516653060913086e+00 2.909788608551025391e+00 -2.524345636367797852e+00 1.962543010711669922e+00 3.077464103698730469e+00 1.572573184967041016e+00 -1.796519875526428223e+00
-1.350893855094909668e+00 -5.935993790626525879e-01 2.016028881072998047e+00 -2.381592750549316406e+00 1.853049159049987793e+00 3.616609811782836914e+00 -1.405111312866210938e+00 -3.758384585380554199e-01
-2.547166109085083008e+00 -1.466384679079055786e-01 1.964333057403564453e+00 -2.113544225692749023e+00 7.784868478775024414e-01 2.011758565902709961e+00 -1.326718330383300781e+00 -3.397625386714935303e-01
-3.289817094802856445e+00 -2.152764320373535156e+00 -6.269333958625793457e-01 -1.180443912744522095e-01 -1.569281816482543945e+00 7.000494003295898438e-02 -1.186875700950622559e+00 7.156071066856384277e-02
-2.809766530990600586e+00 -2.150612115859985352e+00 -2.574380159378051758e+00 -9.573083519935607910e-01 1.236416220664978027e+00 -2.424117565155029297e+00 1.435086250305175781e+00 -1.877797603607177734e+00
-2.395849227905273438e+00 -1.949818015098571777e+00 -1.450425386428833008e+00 -2.320387840270996094e+00 1.289203763008117676e+00 -2.713584661483764648e+00 1.040197372436523438e+00 -1.805991888046264648e+00
-2.719287633895874023e+00 -1.567956209182739258e+00 9.008465409278869629e-01 -2.769195795059204102e+00 7.329659461975097656e-01 -1.603043437004089355e+00 -6.920476555824279785e-01 -1.974763154983520508e+00
4.560869216918945312e+00 -2.413765430450439453e+00 9.611762762069702148e-01 -1.430966496467590332e+00 1.477911710739135742e+00 -2.100862503051757812e+00 1.293670415878295898e+00 -5.052278041839599609e-01
4.739808082580566406e+00 -3.409346818923950195e+00 2.140731215476989746e-01 -6.591010093688964844e-01 1.026477813720703125e+00 -3.059195041656494141e+00 4.649972319602966309e-01 -1.224537968635559082e+00
3.299503326416015625e+00 -2.041435480117797852e+00 1.340102076530456543e+00 -8.323582410812377930e-01 3.343114852905273438e+00 -1.673581242561340332e+00 -1.728898644447326660e+00 -1.061796545982360840e+00
1.950154662132263184e+00 -1.450101971626281738e+00 1.821961402893066406e+00 -3.342676877975463867e+00 1.189929604530334473e+00 -2.134904623031616211e+00 2.741837799549102783e-01 5.450107455253601074e-01
-9.091147184371948242e-01 7.051518559455871582e-01 1.578241944313049316e+00 -1.592106342315673828e+00 3.027110576629638672e+00 -1.643325328826904297e+00 -1.162038683891296387e+00 -1.231858730316162109e+00
-8.495102077722549438e-02 1.388293743133544922e+00 3.562770128250122070e+00 -1.567426204681396484e+00 3.191096782684326172e+00 2.200484275817871094e+00 9.501885622739791870e-02 9.759858250617980957e-02
9.220789372920989990e-02 -3.172392398118972778e-02 2.068390130996704102e+00 -1.308060646057128906e+00 4.290981292724609375e+00 -2.099273204803466797e+00 -1.363486528396606445e+00 -4.629064202308654785e-01
-2.099707126617431641e+00 -6.696799993515014648e-01 1.171424865722656250e+00 -4.054943621158599854e-01 9.138944745063781738e-01 -6.852480173110961914e-01 -2.545236110687255859e+00 2.280248880386352539e+00
9.379588067531585693e-03 -4.239584505558013916e-01 2.049631357192993164e+00 -2.252868175506591797e+00 3.381135463714599609e+00 -2.919579744338989258e+00 -3.610945940017700195e-01 -1.491835117340087891e-01
-3.021469116210937500e+00 -1.006860494613647461e+00 1.168732762336730957e+00 4.749239236116409302e-02 -1.962124347686767578e+00 3.212094306945800781e-01 -1.229530811309814453e+00 1.864610671997070312e+00
-4.500780105590820312e+00 -2.792740821838378906e+00 -9.203182458877563477e-01 -3.686017990112304688e-01 1.099019169807434082e+00 -2.167008876800537109e+00 1.161052227020263672e+00 -1.014948010444641113e+00
8.502342104911804199e-01 7.992554903030395508e-01 6.808375120162963867e-01 -1.524327635765075684e+00 3.078119754791259766e+00 -2.935180187225341797e+00 2.366711348295211792e-01 3.202844858169555664e-01
1.254853606224060059e-01 3.794591426849365234e-01 6.522842645645141602e-01 -3.528907775878906250e+00 1.074179887771606445e+00 1.770635962486267090e+00 4.565129876136779785e-01 -2.196672916412353516e+00
2.074809074401855469e+00 -2.577961683273315430e+00 -1.172652840614318848e+00 9.777171611785888672e-01 5.352045297622680664e-01 1.102163434028625488e+00 7.167162895202636719e-01 -2.180308818817138672e+00
2.240823507308959961e+00 7.283794283866882324e-01 -1.417442679405212402e+00 -1.301865220069885254e+00 1.260386943817138672e+00 -1.187849417328834534e-01 1.273088932037353516e+00 -3.496946096420288086e+00
-4.386194795370101929e-02 2.857627272605895996e-01 7.915258407592773438e-01 -2.357486009597778320e+00 1.863219261169433594e+00 2.845415830612182617e+00 4.961605072021484375e-01 -2.908040285110473633e+00
-1.838517189025878906e+00 1.008416295051574707e+00 2.923561811447143555e+00 -2.633397102355957031e+00 -1.041897773742675781e+00 2.979809045791625977e+00 -3.685817420482635498e-01 -1.396147131919860840e+00
-2.239037990570068359e+00 -2.105282545089721680e+00 1.702454805374145508e+00 -1.141694426536560059e+00 2.048950672149658203e+00 -2.795843362808227539e+00 9.297406673431396484e-01 -1.474580883979797363e+00
-1.287390708923339844e+00 8.150243759155273438e-01 2.937955141067504883e+00 -3.035849809646606445e+00 -1.312208652496337891e+00 2.164444208145141602e+00 -3.932672739028930664e-01 -2.341766655445098877e-01
-1.453021764755249023e+00 1.748193621635437012e+00 2.980726242065429688e+00 -1.539760351181030273e+00 -2.845147848129272461e+00 7.198345661163330078e-01 7.958522439002990723e-02 -6.595516204833984375e-01
-5.739948526024818420e-02 -3.045911788940429688e+00 -1.969956874847412109e+00 -2.545313358306884766e+00 1.879388570785522461e+00 -2.631455659866333008e+00 -1.939430683851242065e-01 -7.655192017555236816e-01
-4.327293485403060913e-02 -3.443728923797607422e+00 -1.129372596740722656e+00 -2.293721675872802734e+00 2.170385837554931641e+00 -2.962514400482177734e+00 -1.018717437982559204e-01 -1.603212475776672363e+00
-4.393826425075531006e-01 -2.926777362823486328e+00 -1.183229088783264160e+00 -2.395028114318847656e+00 1.954513907432556152e+00 -2.582673549652099609e+00 1.610097587108612061e-01 -1.599770545959472656e+00
-9.730150699615478516e-01 -3.668631553649902344e+00 -1.651841521263122559e+00 -2.629751682281494141e+00 2.428593873977661133e+00 -2.594036579132080078e+00 -2.246370315551757812e-01 -1.217562317848205566e+00
-4.781551361083984375e+00 -2.804210424423217773e+00 -3.054488599300384521e-01 2.951585531234741211e+00 -1.973439753055572510e-01 -1.649937510490417480e+00 2.004206418991088867e+00 -1.932179331779479980e-01
-4.129188537597656250e+00 -4.221982955932617188e+00 -1.465477645397186279e-01 -1.800443232059478760e-01 7.180167436599731445e-01 -2.012670993804931641e+00 7.067027091979980469e-01 -1.172226190567016602e+00
-3.921699047088623047e+00 -4.190828323364257812e+00 2.585068941116333008e-01 -1.135528802871704102e+00 6.590765714645385742e-01 -1.901962995529174805e+00 7.737618684768676758e-01 -1.532354831695556641e+00
-5.024003982543945312e+00 -3.361631631851196289e+00 -8.617882728576660156e-01 1.576879858970642090e+00 -3.798843324184417725e-01 -9.302375316619873047e-01 1.393131017684936523e+00 -3.491989076137542725e-01
-1.557244300842285156e+00 -8.320858329534530640e-02 2.041267871856689453e+00 -8.972331136465072632e-02 -2.050935268402099609e+00 5.079414844512939453e+00 1.080027580261230469e+00 -2.532656431198120117e+00
-2.154308557510375977e+00 -2.334713190793991089e-01 3.173842191696166992e+00 -1.477707147598266602e+00 -1.028373479843139648e+00 3.910257101058959961e+00 -1.305809468030929565e-01 -1.455833196640014648e+00
-1.529466152191162109e+00 1.610934019088745117e+00 2.819897413253784180e+00 -1.048743128776550293e+00 -2.411128759384155273e+00 5.095756053924560547e+00 -6.289801001548767090e-01 -4.061006009578704834e-01
1.931675225496292114e-01 5.190967321395874023e-01 3.456287860870361328e+00 -4.540143907070159912e-01 -3.324153900146484375e+00 4.754221439361572266e+00 -1.267413854598999023e+00 2.568248748779296875e+00
1.305313944816589355e+00 -2.131924867630004883e+00 -1.773729324340820312e+00 3.263258934020996094e+00 -1.467497944831848145e+00 4.449916839599609375e+00 -3.444392681121826172e-01 -1.526395440101623535e+00
1.746966361999511719e+00 -2.927906513214111328e+00 -1.331615805625915527e+00 1.546836614608764648e+00 -2.802387952804565430e+00 2.687896490097045898e+00 -1.377449274063110352e+00 1.857295632362365723e-02
-1.247091650962829590e+00 -1.305486798286437988e+00 2.106107324361801147e-01 -2.248852729797363281e+00 -1.283572554588317871e+00 4.987729072570800781e+00 9.931851029396057129e-01 -2.473920345306396484e+00
-2.918200969696044922e+00 -1.758127212524414062e+00 -1.767480075359344482e-01 1.401825666427612305e+00 -2.624094009399414062e+00 5.995059013366699219e-01 -1.293853402137756348e+00 1.369007587432861328e+00
-5.690928101539611816e-01 4.767645597457885742e-01 8.968633413314819336e-01 -6.558964252471923828e-01 1.103417277336120605e+00 -5.236268639564514160e-01 4.056185483932495117e-01 -2.266137838363647461e+00
-7.770738601684570312e-01 1.491448044776916504e+00 3.845203399658203125e+00 -1.226047873497009277e+00 -1.942810297012329102e+00 5.906322002410888672e+00 1.251128554344177246e+00 -1.801719903945922852e+00
-1.925599098205566406e+00 2.788926124572753906e+00 2.380380630493164062e+00 -8.809901475906372070e-01 -1.934239864349365234e+00 4.722639560699462891e+00 8.752806186676025391e-01 -2.192063808441162109e+00
-6.383559703826904297e-01 1.950881361961364746e+00 4.199773788452148438e+00 -9.560106992721557617e-01 -3.300670862197875977e+00 4.467922687530517578e+00 -4.073501825332641602e-01 2.665139734745025635e-01
-6.192657947540283203e-01 -2.554178476333618164e+00 2.464157581329345703e+00 -3.552746057510375977e+00 9.445288181304931641e-01 7.189983129501342773e-01 5.076513886451721191e-01 -1.079507589340209961e+00
1.274902582168579102e+00 -2.651581048965454102e+00 -1.956232666969299316e+00 -4.776659965515136719e+00 8.311707526445388794e-02 2.052508115768432617e+00 4.785428643226623535e-01 2.102314233779907227e+00
4.143017768859863281e+00 -3.690337181091308594e+00 -1.425825357437133789e+00 -1.896751165390014648e+00 -5.941137075424194336e-01 1.501911640167236328e+00 -7.552025318145751953e-01 2.564368963241577148e+00
2.453027248382568359e+00 -3.020954608917236328e+00 -7.416981458663940430e-02 -4.080333709716796875e+00 -1.051017045974731445e+00 1.583762526512145996e+00 8.819198608398437500e-01 1.908323526382446289e+00
1.956118822097778320e+00 -4.698387145996093750e+00 -1.192520380020141602e+00 -2.922259092330932617e+00 -7.768545150756835938e-01 3.233712911605834961e+00 -1.514562964439392090e-01 8.210414052009582520e-01
-1.149816513061523438e+00 -3.367349386215209961e+00 -1.980609297752380371e-01 -2.935366630554199219e+00 -1.193946823477745056e-01 2.994936227798461914e+00 -5.274829268455505371e-01 -1.366092801094055176e+00
3.155725300312042236e-01 -3.057928323745727539e+00 2.458933591842651367e-01 -3.706064701080322266e+00 8.532880246639251709e-02 4.208758354187011719e+00 -3.331842422485351562e-01 -6.527804136276245117e-01
-9.901771545410156250e-01 -3.439610242843627930e+00 -2.528603672981262207e-01 -3.315703392028808594e+00 -7.056599855422973633e-01 2.663860321044921875e+00 -8.325571566820144653e-02 -1.947339057922363281e+00
3.222664833068847656e+00 -2.605878353118896484e+00 -1.660972118377685547e+00 2.948565483093261719e+00 4.255205392837524414e-01 -1.555100202560424805e+00 3.598425686359405518e-01 -1.819585919380187988e+00
4.766660690307617188e+00 -2.421260118484497070e+00 -1.541113853454589844e-01 2.543689966201782227e+00 -1.916592478752136230e+00 -4.868618547916412354e-01 -9.024146199226379395e-01 -1.218632102012634277e+00
1.926039695739746094e+00 -2.949883937835693359e+00 -1.364021778106689453e+00 2.501914739608764648e+00 -5.521311759948730469e-01 2.796043872833251953e+00 2.870306670665740967e-01 -2.902849197387695312e+00
4.626438140869140625e+00 -2.285751581192016602e+00 -1.701833724975585938e+00 3.329170465469360352e+00 -3.662120997905731201e-01 -2.052081108093261719e+00 5.534922480583190918e-01 -2.458443880081176758e+00
3.722749471664428711e+00 -8.088775277137756348e-01 -5.518224835395812988e-01 4.997641563415527344e+00 -1.293998479843139648e+00 -6.697636842727661133e-01 -2.449336349964141846e-01 -2.882611274719238281e+00
2.812036991119384766e+00 -1.018347024917602539e+00 1.585917949676513672e+00 1.515058755874633789e+00 -3.194466114044189453e+00 -4.670295864343643188e-02 -9.413530230522155762e-01 -8.902598023414611816e-01
4.078643798828125000e+00 -2.511595964431762695e+00 9.660786986351013184e-01 1.670559406280517578e+00 -1.737940311431884766e+00 -1.715869665145874023e+00 1.314695179462432861e-01 -7.167893648147583008e-01
1.431294441223144531e+00 1.395096063613891602e+00 2.298575162887573242e+00 1.948053985834121704e-01 -2.494671344757080078e+00 5.359999537467956543e-01 5.056105852127075195e-01 -1.685912370681762695e+00
8.472308516502380371e-01 -1.809778213500976562e+00 4.869004786014556885e-01 -2.796187400817871094e+00 1.548917174339294434e+00 6.683913707733154297e+00 4.402216523885726929e-03 8.457519114017486572e-03
7.614266276359558105e-01 -1.987986326217651367e+00 -4.323757588863372803e-01 -3.841482162475585938e+00 1.341533660888671875e+00 6.901190280914306641e+00 1.309806346893310547e+00 -4.110192656517028809e-01
1.005666017532348633e+00 -1.366057872772216797e+00 2.781161963939666748e-01 -3.670706987380981445e+00 1.041998624801635742e+00 6.132016658782958984e+00 1.119662523269653320e+00 -8.016503453254699707e-01
-2.552842795848846436e-01 -1.174483299255371094e+00 8.030108809471130371e-01 -3.398441791534423828e+00 2.165287733078002930e+00 5.624466419219970703e+00 5.817319154739379883e-01 -1.792796373367309570e+00
-1.085212111473083496e+00 -1.232750177383422852e+00 2.997848391532897949e-01 -4.086610317230224609e+00 3.499735295772552490e-01 1.712323665618896484e+00 -1.355624198913574219e-01 -1.979400753974914551e+00
-1.869724512100219727e+00 -1.630984067916870117e+00 -4.643822669982910156e+00 -2.984177589416503906e+00 8.512799739837646484e-01 -1.413321852684020996e+00 7.515363097190856934e-01 1.112001419067382812e+00
-1.841089248657226562e+00 -2.187538146972656250e+00 -2.173653244972229004e-01 -2.950037240982055664e+00 1.106815218925476074e+00 -2.674213886260986328e+00 1.069790273904800415e-01 -1.722635746002197266e+00
-2.802429676055908203e+00 -4.254666805267333984e+00 -4.786038994789123535e-01 -2.072593927383422852e+00 4.080370366573333740e-01 -1.833128213882446289e+00 -9.220680594444274902e-02 -8.016320466995239258e-01
