-1.811346888542175293e+00 -1.531639814376831055e+00 -1.525276303291320801e+00 -2.817924976348876953e+00 9.163306951522827148e-01 -2.490896224975585938e+00 1.160452842712402344e+00 -1.769499897956848145e+00
5.614443421363830566e-01 -4.973720014095306396e-01 3.693267345428466797e+00 -1.241688609123229980e+00 5.228078961372375488e-01 -2.991100072860717773e+00 3.778212547302246094e+00 4.568073153495788574e-02
-9.156796932220458984e-01 2.448956489562988281e+00 2.340731620788574219e+00 1.393267393112182617e+00 2.778151988983154297e+00 -1.772062897682189941e+00 2.005182027816772461e+00 3.271631598472595215e-01
-1.808408349752426147e-01 1.712957501411437988e+00 2.302307844161987305e+00 -9.718551039695739746e-01 2.587293863296508789e+00 -2.885144233703613281e+00 1.250138998031616211e+00 8.283492922782897949e-02
-3.262699604034423828e+00 -3.007069110870361328e+00 -5.851712226867675781e-01 -3.082899451255798340e-01 -1.016606688499450684e+00 6.642578244209289551e-01 -7.442451119422912598e-01 -4.526992142200469971e-01
-8.579984903335571289e-01 -9.487569332122802734e-01 2.971030473709106445e+00 -2.662269592285156250e+00 -1.818147301673889160e+00 3.091607332229614258e+00 8.460770845413208008e-01 -1.064181804656982422e+00
-4.518623352050781250e-01 -3.144208908081054688e+00 1.699145555496215820e+00 -3.280375480651855469e+00 -1.791685938835144043e+00 1.563170671463012695e+00 5.018336772918701172e-01 -1.508848428726196289e+00
-1.117169022560119629e+00 -2.332121849060058594e+00 1.171734690666198730e+00 -2.615267515182495117e+00 -9.844104647636413574e-01 3.702432632446289062e+00 -4.670886397361755371e-01 -1.050888299942016602e+00
8.015360236167907715e-01 2.985371112823486328e+00 3.428730964660644531e+00 -1.713458597660064697e-01 1.456976294517517090e+00 1.239530920982360840e+00 3.370548009872436523e+00 1.399692177772521973e+00
5.245560407638549805e-01 3.785312652587890625e+00 2.130821943283081055e+00 1.252898812294006348e+00 1.772776722908020020e+00 -1.024504780769348145e+00 2.699728250503540039e+00 5.186088085174560547e-01
1.066377282142639160e+00 2.057394504547119141e+00 3.013907670974731445e+00 -1.608702421188354492e+00 1.459927201271057129e+00 7.717818617820739746e-01 3.775635719299316406e+00 2.119342088699340820e+00
3.527373671531677246e-01 2.639024734497070312e+00 2.485391378402709961e+00 -3.541009128093719482e-01 2.395795822143554688e+00 -1.011569023132324219e+00 2.247558355331420898e+00 5.841591358184814453e-01
-1.957325816154479980e+00 2.613802909851074219e+00 3.256960153579711914e+00 -1.250748872756958008e+00 -5.028940737247467041e-02 2.885376930236816406e+00 -1.003138065338134766e+00 -2.439572960138320923e-01
-2.853658914566040039e+00 6.185894608497619629e-01 1.340542316436767578e+00 -7.001207768917083740e-02 -7.161288857460021973e-01 1.544194817543029785e+00 -1.633766412734985352e+00 6.493359804153442383e-01
-2.115135192871093750e+00 2.138476848602294922e+00 3.077697277069091797e+00 -9.679803848266601562e-01 6.693825721740722656e-01 1.221673130989074707e+00 1.935692131519317627e-01 7.492660284042358398e-01
-3.512434482574462891e+00 -1.304212331771850586e+00 1.184845328330993652e+00 -5.851128697395324707e-02 -5.589411258697509766e-01 6.307952404022216797e-01 -1.107784509658813477e+00 -3.317555785179138184e-02
-5.508477091789245605e-01 3.808603286743164062e+00 2.603659868240356445e+00 -8.229734301567077637e-01 1.385753512382507324e+00 4.292163848876953125e+00 2.333027601242065430e+00 -2.008095264434814453e+00
1.523035168647766113e+00 2.363800525665283203e+00 2.563779115676879883e+00 -4.102261662483215332e-01 1.524986267089843750e+00 -1.908985733985900879e+00 4.152074813842773438e+00 8.711897134780883789e-01
1.214821219444274902e+00 2.890059947967529297e+00 2.647455215454101562e+00 -2.727036774158477783e-01 6.986657381057739258e-01 -7.326992750167846680e-01 3.068048000335693359e+00 -5.558751225471496582e-01
-1.795403957366943359e+00 1.518076658248901367e-01 2.548249006271362305e+00 -1.027474164962768555e+00 1.324407577514648438e+00 -1.218226671218872070e+00 -5.138619542121887207e-01 -1.731307625770568848e+00
-4.426101207733154297e+00 -1.890741944313049316e+00 -9.663978219032287598e-02 3.537290096282958984e+00 3.585904836654663086e-03 -4.637298882007598877e-01 1.786439895629882812e+00 1.370376944541931152e-01
-3.996370077133178711e+00 -2.890840053558349609e+00 -6.299409866333007812e-01 2.715143203735351562e+00 -1.129127591848373413e-01 -2.422816306352615356e-02 2.101652920246124268e-01 6.097996234893798828e-01
-2.828248977661132812e+00 -2.305613040924072266e+00 -5.914127826690673828e-01 2.853502273559570312e+00 -1.335291862487792969e+00 1.324886560440063477e+00 -1.025235652923583984e+00 1.008533358573913574e+00
-3.522256374359130859e+00 -3.347930431365966797e+00 -6.579777002334594727e-01 2.387876510620117188e+00 -1.055291771888732910e+00 1.257325559854507446e-01 5.125406980514526367e-01 2.635072469711303711e-01
5.554696917533874512e-02 2.565510749816894531e+00 3.781328678131103516e+00 6.446145176887512207e-01 -6.621592640876770020e-01 3.830994844436645508e+00 -9.696662425994873047e-03 6.116820573806762695e-01
-1.471172213554382324e+00 7.912281751632690430e-01 2.135962486267089844e+00 -2.987275123596191406e-01 -2.473071336746215820e+00 7.352861166000366211e-01 -1.856366634368896484e+00 -3.193575143814086914e-01
-4.627645909786224365e-01 1.746319413185119629e+00 3.188776254653930664e+00 1.131126880645751953e+00 -8.479841351509094238e-01 2.077993392944335938e+00 -1.036291360855102539e+00 2.348374366760253906e+00
4.310284614562988281e+00 -1.818294167518615723e+00 1.586748242378234863e+00 -6.260131597518920898e-01 -1.156695723533630371e+00 -1.468242526054382324e+00 1.022806406021118164e+00 1.939615011215209961e-01
-6.975150704383850098e-01 2.647756934165954590e-01 2.506605386734008789e-01 -3.265671968460083008e+00 -4.712542891502380371e-01 -9.894556999206542969e-01 1.458986520767211914e+00 3.143965959548950195e+00
1.935219645500183105e+00 4.514362215995788574e-01 3.399338722229003906e+00 -2.003442049026489258e+00 -2.359920978546142578e+00 2.440604209899902344e+00 1.148730754852294922e+00 2.318258047103881836e+00
-7.409045696258544922e-01 2.388143539428710938e+00 2.443492174148559570e+00 -2.415940284729003906e+00 -1.966761946678161621e+00 -8.725119829177856445e-01 1.887425661087036133e+00 2.808556079864501953e+00
-2.690473794937133789e+00 1.996982693672180176e-01 8.042576313018798828e-01 -1.211582899093627930e+00 -1.071362495422363281e+00 -1.556244969367980957e+00 -1.378600001335144043e-01 2.557699203491210938e+00
3.039193868637084961e+00 -2.828162670135498047e+00 1.074206590652465820e+00 -1.769661664962768555e+00 -1.767880320549011230e+00 2.675810575485229492e+00 1.177551507949829102e+00 1.373078465461730957e+00
3.778010845184326172e+00 -2.452219486236572266e+00 2.714673519134521484e+00 -3.558153629302978516e+00 2.077711671590805054e-01 2.897116184234619141e+00 3.562658786773681641e+00 2.142448425292968750e+00
2.973482131958007812e+00 -1.954037666320800781e+00 2.533335924148559570e+00 -3.458501815795898438e+00 -2.253271192312240601e-01 3.313052177429199219e+00 2.791655540466308594e+00 1.584573984146118164e+00
-5.779778212308883667e-02 -8.204375505447387695e-01 2.180374145507812500e+00 -1.642918944358825684e+00 -1.071507811546325684e+00 6.313386440277099609e+00 2.430274248123168945e+00 -1.258256793022155762e+00
2.377769798040390015e-01 1.140799760818481445e+00 1.414043188095092773e+00 -2.594837188720703125e+00 1.485877037048339844e-01 4.885733127593994141e+00 2.240391492843627930e+00 -2.134299278259277344e+00
1.591980457305908203e+00 -1.509232521057128906e-01 8.901855349540710449e-02 -3.224168539047241211e+00 3.633617758750915527e-01 1.239189267158508301e+00 1.385547161102294922e+00 -2.844007730484008789e+00
1.148736953735351562e+00 2.753131866455078125e+00 2.583805799484252930e+00 -1.742197394371032715e+00 -1.611036419868469238e+00 2.045829534530639648e+00 1.082381010055541992e+00 -1.358194828033447266e+00
2.957986354827880859e+00 -1.642381191253662109e+00 2.072876691818237305e+00 -2.848897457122802734e+00 -3.966692686080932617e-01 -2.834801971912384033e-01 2.854895830154418945e+00 2.511994540691375732e-02
-2.397103071212768555e+00 9.841139316558837891e-01 2.767039299011230469e+00 -1.877750992774963379e+00 3.122539520263671875e-01 1.689194679260253906e+00 -1.229692935943603516e+00 -7.899876832962036133e-01
-3.384004831314086914e+00 1.164782643318176270e+00 1.908322930335998535e+00 3.681851029396057129e-01 1.365803480148315430e+00 -2.670765817165374756e-01 1.250334501266479492e+00 1.602348387241363525e-01
-2.320914745330810547e+00 -2.012652873992919922e+00 1.249415159225463867e+00 -2.099730253219604492e+00 4.378318786621093750e-01 2.542724609375000000e+00 -1.772081613540649414e+00 -9.852632284164428711e-01
-2.893814325332641602e+00 1.643768787384033203e+00 2.601551294326782227e+00 -3.491787314414978027e-01 2.011452674865722656e+00 5.810942649841308594e-01 -2.021926045417785645e-01 -1.078989505767822266e-01
-4.123532772064208984e+00 -2.850933074951171875e+00 -2.234204113483428955e-01 2.589138984680175781e+00 -2.948755025863647461e-01 -6.830120086669921875e-01 1.434446811676025391e+00 -4.411180615425109863e-01
-3.993329048156738281e+00 -1.783903717994689941e+00 2.273553907871246338e-01 1.933325529098510742e+00 -1.012033969163894653e-01 -1.542375326156616211e+00 1.255170464515686035e+00 -8.046629428863525391e-01
-4.226787567138671875e+00 -2.476012706756591797e+00 1.521898508071899414e-01 1.963650226593017578e+00 -6.772522628307342529e-02 -1.697759389877319336e+00 1.471252918243408203e+00 -6.053605675697326660e-01
-3.300668954849243164e+00 -2.214059829711914062e+00 -1.326928436756134033e-01 3.841224670410156250e+00 -5.980468392372131348e-01 -1.200384736061096191e+00 9.230387210845947266e-01 -6.225557625293731689e-02
4.651336073875427246e-01 3.445828557014465332e-01 3.562881231307983398e+00 -2.512794971466064453e+00 1.805294156074523926e+00 3.179280519485473633e+00 8.674950599670410156e-01 3.902563750743865967e-01
-1.028289556503295898e+00 6.601090431213378906e-01 3.375310659408569336e+00 -2.157311439514160156e+00 2.420948743820190430e+00 2.241372346878051758e+00 -2.784478664398193359e-02 -1.334201931953430176e+00
-8.796008229255676270e-01 -1.137656211853027344e+00 1.876407980918884277e+00 -2.330635309219360352e+00 2.756902694702148438e+00 3.959783315658569336e+00 -1.784339427947998047e+00 1.645070314407348633e-02
-2.240716695785522461e+00 9.028638601303100586e-01 2.598821640014648438e+00 -9.765183925628662109e-01 1.349260687828063965e+00 2.085578441619873047e+00 -1.918135881423950195e+00 6.254787445068359375e-01
-1.864816188812255859e+00 -1.492328166961669922e+00 -6.239746809005737305e-01 8.125857114791870117e-01 -1.985826134681701660e+00 -1.597405225038528442e-02 -2.066551923751831055e+00 5.887061357498168945e-02
-2.075273990631103516e+00 -2.955687522888183594e+00 -2.541533708572387695e+00 -1.300102710723876953e+00 1.553599357604980469e+00 -2.708443164825439453e+00 6.977440714836120605e-01 -1.475313067436218262e+00
-1.625074148178100586e+00 -2.932784080505371094e+00 -1.735954880714416504e+00 -2.328253269195556641e+00 1.493476033210754395e+00 -2.489856719970703125e+00 5.586624741554260254e-01 -1.336461544036865234e+00
-2.056705713272094727e+00 -1.683111429214477539e+00 1.408585667610168457e+00 -1.920832157135009766e+00 1.123228311538696289e+00 -1.746462464332580566e+00 -1.050942420959472656e+00 -1.748667597770690918e+00
4.291401386260986328e+00 -1.485861539840698242e+00 3.368567526340484619e-01 -9.982817173004150391e-01 3.416435718536376953e-01 -2.056291818618774414e+00 1.119235992431640625e+00 -1.261633038520812988e+00
3.458588123321533203e+00 -3.226141929626464844e+00 -3.063667118549346924e-01 -1.420922040939331055e+00 4.243842959403991699e-01 -2.645856380462646484e+00 6.532790064811706543e-01 -1.182396054267883301e+00
3.584530115127563477e+00 -1.952770829200744629e+00 1.305917263031005859e+00 -6.380144357681274414e-01 2.688204288482666016e+00 -1.148967862129211426e+00 -9.868552088737487793e-01 -6.546555757522583008e-01
2.121887683868408203e+00 -1.086631655693054199e+00 1.600768804550170898e+00 -2.634069681167602539e+00 9.133680462837219238e-01 -2.027298927307128906e+00 -3.174572587013244629e-01 1.775316298007965088e-01
-1.889286488294601440e-01 -5.698950290679931641e-01 1.984550595283508301e+00 -6.357043981552124023e-01 4.056285381317138672e+00 -2.144415140151977539e+00 -2.356498718261718750e+00 -5.775138735771179199e-01
-1.497339643537998199e-02 1.567932486534118652e+00 3.580955028533935547e+00 -1.674273014068603516e+00 2.846939563751220703e+00 1.616192221641540527e+00 1.738564968109130859e-01 -1.863919496536254883e-01
2.393290847539901733e-01 -3.154562413692474365e-01 2.148933649063110352e+00 -1.153931975364685059e+00 4.259128570556640625e+00 -1.974448561668395996e+00 -2.046131610870361328e+00 -2.477671951055526733e-01
-1.147696614265441895e+00 8.310654759407043457e-02 1.447637677192687988e+00 -1.904991865158081055e-01 1.038877248764038086e+00 -7.318951487541198730e-01 -2.783055782318115234e+00 1.748603701591491699e+00
2.463481575250625610e-01 -1.606273055076599121e-01 2.484483003616333008e+00 -1.597993135452270508e+00 3.633109331130981445e+00 -2.946604490280151367e+00 -1.890029907226562500e-01 1.148442178964614868e-01
-2.046939849853515625e+00 -1.081067800521850586e+00 5.010079741477966309e-01 -4.221326112747192383e-02 -2.168524742126464844e+00 1.380783677101135254e+00 -1.788209915161132812e+00 2.214154958724975586e+00
-3.835724115371704102e+00 -2.418825626373291016e+00 -7.467179298400878906e-01 5.502952933311462402e-01 1.318642973899841309e+00 -2.163384437561035156e+00 8.366212248802185059e-01 -9.034969806671142578e-01
1.236415982246398926e+00 3.216542005538940430e-01 1.069982051849365234e+00 -1.452323555946350098e+00 2.796324014663696289e+00 -2.710533857345581055e+00 -5.306460261344909668e-01 -7.028522491455078125e-01
3.711092472076416016e-01 -1.640250682830810547e-01 1.256942749023437500e+00 -3.510310649871826172e+00 1.408326387405395508e+00 7.980906963348388672e-01 -4.571676254272460938e-04 -2.214706897735595703e+00
1.051611542701721191e+00 -1.681161284446716309e+00 -9.833254814147949219e-01 -4.663686156272888184e-01 4.189049601554870605e-01 2.575368404388427734e+00 1.217491388320922852e+00 -3.187462091445922852e+00
2.654832124710083008e+00 5.063633918762207031e-01 -1.865444779396057129e+00 -6.068806052207946777e-01 8.185971975326538086e-01 -7.899051904678344727e-01 1.216592669486999512e+00 -3.760050296783447266e+00
2.683849930763244629e-01 -4.441331028938293457e-01 8.950247168540954590e-01 -2.688680648803710938e+00 1.698937773704528809e+00 2.383719444274902344e+00 2.382451295852661133e-01 -2.625509738922119141e+00
-1.791222453117370605e+00 1.613257527351379395e+00 3.025570869445800781e+00 -2.151207447052001953e+00 -2.474483698606491089e-01 2.804473638534545898e+00 -1.374607086181640625e+00 -6.025224924087524414e-01
-1.858667135238647461e+00 -1.681016921997070312e+00 2.522823333740234375e+00 -4.428995847702026367e-01 2.502091169357299805e+00 -2.958142042160034180e+00 1.139983534812927246e+00 -1.460420012474060059e+00
-1.531526327133178711e+00 1.373103260993957520e+00 2.781389474868774414e+00 -2.865007638931274414e+00 -6.976456046104431152e-01 2.224866867065429688e+00 -1.066462516784667969e+00 -5.491310358047485352e-01
-4.595837593078613281e-01 1.161374211311340332e+00 3.296900749206542969e+00 -4.422000646591186523e-01 -2.603260040283203125e+00 8.593005537986755371e-01 -8.509115576744079590e-01 -3.922362327575683594e-01
-5.208382010459899902e-01 -3.656823635101318359e+00 -2.271613836288452148e+00 -2.302628278732299805e+00 1.695655703544616699e+00 -2.313838958740234375e+00 -3.819033503532409668e-01 -5.637002587318420410e-01
5.628071427345275879e-01 -3.034694671630859375e+00 -1.471877098083496094e+00 -1.873386621475219727e+00 1.722011685371398926e+00 -2.916752815246582031e+00 4.205615222454071045e-01 -1.160348892211914062e+00
1.029273986816406250e+00 -2.887538433074951172e+00 -1.642027735710144043e+00 -1.556866526603698730e+00 1.539455294609069824e+00 -2.815539360046386719e+00 5.462329983711242676e-01 -1.681522250175476074e+00
-8.538018465042114258e-01 -3.623742580413818359e+00 -1.449461936950683594e+00 -2.083256721496582031e+00 1.727236628532409668e+00 -2.469951152801513672e+00 -1.611330509185791016e-01 -1.082519054412841797e+00
-4.464723110198974609e+00 -2.371196269989013672e+00 1.855440139770507812e-01 2.495939016342163086e+00 -3.359074592590332031e-01 -1.458726882934570312e+00 1.361247062683105469e+00 -2.057412862777709961e-01
-2.515913248062133789e+00 -3.362977027893066406e+00 8.958381414413452148e-02 7.866768538951873779e-02 3.975631296634674072e-02 -2.186510324478149414e+00 8.734641075134277344e-01 -1.225386381149291992e+00
-4.003845691680908203e+00 -3.413950443267822266e+00 4.214168488979339600e-01 -2.786180973052978516e-01 4.998669028282165527e-01 -2.099739551544189453e+00 9.544675350189208984e-01 -1.324969649314880371e+00
-4.718693256378173828e+00 -2.993998527526855469e+00 -3.401921093463897705e-01 2.092790365219116211e+00 -2.233944386243820190e-01 -1.071766614913940430e+00 1.303426980972290039e+00 -1.560231000185012817e-01
-1.381116867065429688e+00 4.887069463729858398e-01 2.407532453536987305e+00 -7.389957904815673828e-01 -2.169774770736694336e+00 4.898646354675292969e+00 9.750484824180603027e-01 -2.026149272918701172e+00
-1.464797735214233398e+00 -3.509318530559539795e-01 3.382575035095214844e+00 -1.813936591148376465e+00 -5.141354203224182129e-01 3.850793361663818359e+00 -2.797009348869323730e-01 -1.453745007514953613e+00
-1.273418068885803223e+00 1.846592783927917480e+00 2.681810855865478516e+00 -2.647025585174560547e-01 -1.970360636711120605e+00 5.105187892913818359e+00 -7.479762434959411621e-01 7.281754910945892334e-02
4.786643981933593750e-01 -1.668572425842285156e-02 2.651059627532958984e+00 -5.509091019630432129e-01 -1.654844641685485840e+00 5.228591442108154297e+00 -1.828402280807495117e-01 1.474524736404418945e+00
3.948611319065093994e-01 -1.641697049140930176e+00 -1.818559467792510986e-01 2.167081356048583984e+00 -1.488752484321594238e+00 4.488767623901367188e+00 -4.280461668968200684e-01 -6.733043193817138672e-01
1.640977859497070312e+00 -2.055422782897949219e+00 -3.899076282978057861e-01 7.004606127738952637e-01 -2.582852363586425781e+00 2.749873399734497070e+00 -1.302523374557495117e+00 2.887125611305236816e-01
-1.318519562482833862e-01 -2.647797584533691406e+00 1.295491755008697510e-01 -2.220030784606933594e+00 -1.191027879714965820e+00 4.723675251007080078e+00 4.534877538681030273e-01 -1.705766916275024414e+00
-1.623802065849304199e+00 -3.789941072463989258e-01 1.104317545890808105e+00 8.009854555130004883e-01 -2.477931499481201172e+00 1.294256210327148438e+00 -1.623133182525634766e+00 1.106709003448486328e+00
4.929417371749877930e-01 1.026531577110290527e+00 1.895450592041015625e+00 6.055945158004760742e-01 6.482055187225341797e-01 -1.028376221656799316e+00 3.493081927299499512e-01 -2.074290752410888672e+00
-6.884788274765014648e-01 1.563101768493652344e+00 3.198718309402465820e+00 -2.751743197441101074e-01 -1.518307089805603027e+00 6.555125236511230469e+00 1.664722204208374023e+00 -1.582109093666076660e+00
-1.921624064445495605e+00 2.674385547637939453e+00 2.377426624298095703e+00 -8.600624203681945801e-01 -2.107671260833740234e+00 4.159063339233398438e+00 1.009480357170104980e-01 -1.766614675521850586e+00
-6.755862236022949219e-01 2.418402671813964844e+00 3.988034963607788086e+00 -3.540747463703155518e-01 -3.258696317672729492e+00 4.819214344024658203e+00 -3.958083987236022949e-01 1.111226677894592285e-01
-1.357059001922607422e+00 -2.922287940979003906e+00 2.487030982971191406e+00 -2.905988454818725586e+00 5.207883715629577637e-01 -2.259872853755950928e-01 -3.794143795967102051e-01 -1.304359793663024902e+00
2.171571016311645508e+00 -2.576736927032470703e+00 -1.293376922607421875e+00 -4.506766796112060547e+00 1.038825213909149170e-01 2.440604209899902344e+00 1.028145909309387207e+00 1.964921116828918457e+00
3.844381093978881836e+00 -3.512214660644531250e+00 -1.147162318229675293e+00 -1.897866606712341309e+00 -7.969872355461120605e-01 1.389086008071899414e+00 -2.828810811042785645e-01 2.177935600280761719e+00
3.073284864425659180e+00 -3.080946445465087891e+00 -8.924819231033325195e-01 -3.163866519927978516e+00 -6.944513320922851562e-01 2.751979112625122070e+00 3.908246457576751709e-01 2.078466653823852539e+00
1.809895634651184082e+00 -4.214810371398925781e+00 -8.683800697326660156e-01 -3.173724174499511719e+00 -9.002450108528137207e-01 3.970425128936767578e+00 5.828347206115722656e-01 2.222854197025299072e-01
-8.110479712486267090e-01 -4.082695960998535156e+00 -1.123270094394683838e-01 -2.908823013305664062e+00 -5.392205119132995605e-01 3.088852882385253906e+00 -5.864375233650207520e-01 -1.248451113700866699e+00
1.179975032806396484e+00 -3.913875102996826172e+00 -6.494579315185546875e-01 -3.843017816543579102e+00 -1.820010095834732056e-01 4.750689029693603516e+00 7.038891911506652832e-01 -5.210949480533599854e-02
7.276703119277954102e-01 -4.294013977050781250e+00 -3.319040834903717041e-01 -3.051466703414916992e+00 -1.178626179695129395e+00 3.175035476684570312e+00 2.803993225097656250e-02 -7.660799026489257812e-01
3.658063650131225586e+00 -2.603221416473388672e+00 -1.159085154533386230e+00 2.991260528564453125e+00 -3.915765881538391113e-01 -1.352951884269714355e+00 3.386324644088745117e-02 -1.906704068183898926e+00
3.456184864044189453e+00 -2.068328857421875000e+00 7.304290533065795898e-01 2.490020513534545898e+00 -2.731073856353759766e+00 -1.922567784786224365e-01 -1.344157695770263672e+00 -1.412126541137695312e+00
1.618791520595550537e-01 -3.486946582794189453e+00 1.773140132427215576e-01 2.490153759717941284e-01 2.319230586290359497e-01 3.956023693084716797e+00 3.439593315124511719e-02 -3.073922395706176758e+00
5.052259922027587891e+00 -2.768646717071533203e+00 -4.852100312709808350e-01 2.784718990325927734e+00 -8.409801125526428223e-01 -1.970364212989807129e+00 -1.618439555168151855e-01 -1.442669391632080078e+00
3.540776491165161133e+00 -7.266613841056823730e-01 1.308799743652343750e+00 4.959001064300537109e+00 -2.962543964385986328e+00 2.892197668552398682e-01 -2.362651109695434570e+00 -1.584896683692932129e+00
3.362027645111083984e+00 -1.038056373596191406e+00 2.143998861312866211e+00 9.731299877166748047e-01 -3.358366966247558594e+00 -6.625227630138397217e-03 -5.377184748649597168e-01 -7.854633331298828125e-01
3.250275135040283203e+00 -1.657994985580444336e+00 1.344150543212890625e+00 6.538042426109313965e-01 -1.962714552879333496e+00 -1.185872793197631836e+00 5.179404616355895996e-01 -4.036763608455657959e-01
2.191044092178344727e+00 9.944654703140258789e-01 2.418921947479248047e+00 6.514973640441894531e-01 -2.749772548675537109e+00 1.506497502326965332e+00 1.760041713714599609e-02 -1.390538930892944336e+00
1.540567040443420410e+00 -2.369686603546142578e+00 3.240085840225219727e-01 -2.694985866546630859e+00 1.742351770401000977e+00 6.325124263763427734e+00 9.177397489547729492e-01 5.793310403823852539e-01
5.827982425689697266e-01 -2.384974479675292969e+00 -7.179968357086181641e-01 -3.474002361297607422e+00 1.762338638305664062e+00 6.809978008270263672e+00 1.222059726715087891e+00 -2.255474179983139038e-01
1.853271007537841797e+00 -2.388386726379394531e+00 1.954260468482971191e-02 -3.507489204406738281e+00 9.976797699928283691e-01 5.551043987274169922e+00 1.190297365188598633e+00 8.915344476699829102e-01
-1.035240739583969116e-01 -1.335147142410278320e+00 4.472671151161193848e-01 -3.294018507003784180e+00 2.588297605514526367e+00 5.359663009643554688e+00 6.104946136474609375e-03 -1.072828888893127441e+00
-1.149711489677429199e+00 -2.287285089492797852e+00 9.503910541534423828e-01 -3.823066949844360352e+00 5.666665434837341309e-01 1.029995203018188477e+00 -1.284294843673706055e+00 -1.434435606002807617e+00
-1.076715469360351562e+00 -1.867351770401000977e+00 -3.327565908432006836e+00 -2.802712440490722656e+00 8.292250037193298340e-01 -4.344367682933807373e-01 9.799988865852355957e-01 2.454380273818969727e+00
-5.695134997367858887e-01 -3.044314384460449219e+00 -2.673916518688201904e-01 -2.468454360961914062e+00 9.977337121963500977e-01 -2.513407468795776367e+00 -1.382511854171752930e-01 -1.644618153572082520e+00
-3.385363817214965820e+00 -4.080308914184570312e+00 -8.538657426834106445e-01 -9.594632387161254883e-01 7.304274439811706543e-01 -1.225906848907470703e+00 -6.061282753944396973e-01 -4.665615558624267578e-01
