-2.095040082931518555e+00 -7.524060010910034180e-01 -1.764126062393188477e+00 -3.217256069183349609e+00 5.781022310256958008e-01 -2.686693429946899414e+00 1.424034714698791504e+00 -2.053482770919799805e+00
1.391164958477020264e-01 -1.434209011495113373e-02 3.708399295806884766e+00 -1.362581014633178711e+00 6.772238016128540039e-01 -2.378689289093017578e+00 3.700493574142456055e+00 -1.871020346879959106e-01
-1.777330756187438965e+00 1.828056693077087402e+00 1.367094874382019043e+00 1.580876231193542480e+00 2.325502157211303711e+00 -1.402886271476745605e+00 2.538214206695556641e+00 -3.844211995601654053e-01
-4.164625704288482666e-01 2.408015489578247070e+00 2.003984451293945312e+00 -1.273490905761718750e+00 2.444909572601318359e+00 -2.543825626373291016e+00 1.950133919715881348e+00 1.843723654747009277e-01
-3.657901763916015625e+00 -2.927221775054931641e+00 -2.490406930446624756e-01 -1.041514992713928223e+00 -1.023436069488525391e+00 4.122405946254730225e-01 -7.470657117664813995e-03 -9.005500674247741699e-01
-2.127329349517822266e+00 -7.741581201553344727e-01 3.040787935256958008e+00 -1.332870960235595703e+00 -2.459373474121093750e+00 2.232989311218261719e+00 9.893728494644165039e-01 -1.048705816268920898e+00
-2.022824764251708984e+00 -2.173431396484375000e+00 1.941136598587036133e+00 -2.979197978973388672e+00 -2.002392292022705078e+00 1.234587877988815308e-01 1.564263820648193359e+00 -1.038135409355163574e+00
-1.334640383720397949e+00 -1.657739281654357910e+00 2.058064937591552734e+00 -2.943658828735351562e+00 -1.464437723159790039e+00 3.614737272262573242e+00 3.274846076965332031e-01 -1.438021183013916016e+00
4.090930819511413574e-01 3.532558917999267578e+00 4.124111175537109375e+00 1.317389160394668579e-01 3.833495974540710449e-01 2.142475843429565430e+00 3.484469652175903320e+00 2.164060592651367188e+00
7.415034174919128418e-01 4.119200229644775391e+00 2.839478254318237305e+00 1.841949462890625000e+00 1.538141250610351562e+00 -7.984285950660705566e-01 2.516405344009399414e+00 5.721739530563354492e-01
8.355590701103210449e-01 2.304223537445068359e+00 2.686496734619140625e+00 -2.275023698806762695e+00 1.223216772079467773e+00 1.333573341369628906e+00 4.375751972198486328e+00 2.123579025268554688e+00
2.459567487239837646e-01 3.648483753204345703e+00 2.836840867996215820e+00 1.577117443084716797e-01 2.157792568206787109e+00 -6.664589047431945801e-01 3.153084516525268555e+00 1.166115999221801758e+00
-1.941648125648498535e+00 2.305870056152343750e+00 2.898060321807861328e+00 -1.749988317489624023e+00 -8.955976366996765137e-01 2.601589441299438477e+00 3.196076750755310059e-01 -5.755666494369506836e-01
-2.997220754623413086e+00 4.545838236808776855e-01 1.615949273109436035e+00 -9.916113615036010742e-01 -1.626999497413635254e+00 1.375621080398559570e+00 5.092462152242660522e-02 -2.559573352336883545e-01
-1.810205698013305664e+00 2.680272102355957031e+00 2.664180278778076172e+00 -1.002364039421081543e+00 2.921807169914245605e-01 1.963327407836914062e+00 1.256227135658264160e+00 8.922185897827148438e-01
-3.788394927978515625e+00 -1.961323499679565430e+00 5.299829840660095215e-01 -9.292411804199218750e-01 -1.157074213027954102e+00 5.240579247474670410e-01 2.161903306841850281e-02 -1.046931624412536621e+00
-1.047856450080871582e+00 3.291250944137573242e+00 2.467578172683715820e+00 -4.012644886970520020e-01 6.766868233680725098e-01 4.393524646759033203e+00 2.508168697357177734e+00 -2.390498399734497070e+00
1.321908116340637207e+00 3.118027210235595703e+00 3.295436859130859375e+00 5.245818495750427246e-01 1.550291776657104492e+00 -1.231824159622192383e+00 4.360506534576416016e+00 9.022523164749145508e-01
1.246368885040283203e+00 4.065554618835449219e+00 3.141808032989501953e+00 8.216344714164733887e-01 8.640586733818054199e-01 -3.712136149406433105e-01 3.686230182647705078e+00 -1.856865435838699341e-01
-1.504129648208618164e+00 2.348478794097900391e+00 2.125139713287353516e+00 -7.360706329345703125e-01 4.958749413490295410e-01 6.156498193740844727e-02 1.547087073326110840e+00 -1.995243787765502930e+00
-4.930979251861572266e+00 -2.565047025680541992e+00 -3.380503058433532715e-01 4.531416416168212891e+00 -2.343336343765258789e-01 -5.345345735549926758e-01 2.406478166580200195e+00 3.279806971549987793e-01
-4.618784904479980469e+00 -3.370887756347656250e+00 -1.044917464256286621e+00 3.119831562042236328e+00 -7.273094058036804199e-01 4.362473636865615845e-02 1.023639202117919922e+00 5.813051462173461914e-01
-3.795078277587890625e+00 -2.530536174774169922e+00 -5.947932600975036621e-01 4.171250343322753906e+00 -1.494939565658569336e+00 8.491144180297851562e-01 2.184297591447830200e-01 1.042415857315063477e+00
-4.280489921569824219e+00 -3.771966934204101562e+00 -1.003874182701110840e+00 3.478982210159301758e+00 -1.186254739761352539e+00 1.717535555362701416e-01 1.347427964210510254e+00 3.744058609008789062e-01
-8.962424397468566895e-01 2.324890613555908203e+00 3.667407274246215820e+00 1.820522397756576538e-01 -2.765584945678710938e+00 4.750769615173339844e+00 -1.289405860006809235e-02 5.484198331832885742e-01
-2.028606176376342773e+00 1.019088506698608398e+00 1.960768103599548340e+00 -5.045148134231567383e-01 -3.218354463577270508e+00 1.769297361373901367e+00 -6.514440774917602539e-01 -9.983531832695007324e-01
-8.524301648139953613e-01 1.367481231689453125e+00 3.133459568023681641e+00 2.323189258575439453e+00 -2.658372879028320312e+00 2.588522672653198242e+00 -2.166365146636962891e+00 2.893254518508911133e+00
3.106574773788452148e+00 -2.527870178222656250e+00 2.187804460525512695e+00 -9.486920237541198730e-01 -1.045144438743591309e+00 -1.128523111343383789e+00 1.152354851365089417e-01 -1.805318892002105713e-01
-1.251734197139739990e-01 1.641345024108886719e+00 8.137319684028625488e-01 -3.141401529312133789e+00 -5.362259745597839355e-01 -1.160035967826843262e+00 2.419872283935546875e+00 4.140055179595947266e+00
1.989232778549194336e+00 1.123001098632812500e+00 2.165523052215576172e+00 -3.411427974700927734e+00 -2.405048847198486328e+00 1.315068960189819336e+00 3.187260150909423828e+00 2.482169389724731445e+00
-5.227358937263488770e-01 2.717882394790649414e+00 2.665550708770751953e+00 -2.540804386138916016e+00 -2.858015298843383789e+00 -6.699849367141723633e-01 1.834615945816040039e+00 3.430778503417968750e+00
-2.870811939239501953e+00 5.794266462326049805e-01 7.960606813430786133e-01 -6.889877319335937500e-01 -1.502254843711853027e+00 -1.418615102767944336e+00 6.267848014831542969e-01 2.937609910964965820e+00
3.067556142807006836e+00 -1.794906854629516602e+00 2.565123319625854492e+00 -2.846877574920654297e+00 -1.194779992103576660e+00 2.733016967773437500e+00 4.896506786346435547e+00 1.854551553726196289e+00
3.533566713333129883e+00 -1.796579718589782715e+00 4.267654895782470703e+00 -3.542846202850341797e+00 -4.588724672794342041e-01 2.014543056488037109e+00 5.258332729339599609e+00 2.141635417938232422e+00
3.935845851898193359e+00 -2.014563083648681641e+00 3.952254533767700195e+00 -3.418762683868408203e+00 -6.040104627609252930e-01 2.107204437255859375e+00 4.604604244232177734e+00 2.969978094100952148e+00
5.449804067611694336e-01 -6.216861605644226074e-01 3.742620468139648438e+00 -2.476853132247924805e+00 -1.540046215057373047e+00 5.044251441955566406e+00 3.596564054489135742e+00 -6.531030535697937012e-01
4.100824296474456787e-01 8.741113543510437012e-01 1.229032158851623535e+00 -2.859291076660156250e+00 -2.263338565826416016e-01 4.900664329528808594e+00 3.211652278900146484e+00 -2.071234941482543945e+00
1.112935423851013184e+00 -5.809687376022338867e-01 -5.654487013816833496e-01 -4.263115882873535156e+00 -7.272700965404510498e-02 3.751356005668640137e-01 1.741492867469787598e+00 -2.827428579330444336e+00
1.948685497045516968e-01 3.379101276397705078e+00 2.392861604690551758e+00 -2.053781986236572266e+00 -1.836039543151855469e+00 1.842064857482910156e+00 9.864298701286315918e-01 -1.149332046508789062e+00
2.372864246368408203e+00 -1.400762081146240234e+00 2.573774576187133789e+00 -3.306602954864501953e+00 -5.240828394889831543e-01 -1.119380354881286621e+00 4.307060718536376953e+00 1.557186990976333618e-01
-2.426711320877075195e+00 9.125377535820007324e-01 2.406714916229248047e+00 -2.300574779510498047e+00 -3.122540414333343506e-01 1.665601372718811035e+00 2.832244038581848145e-01 -1.151676535606384277e+00
-3.458161830902099609e+00 1.018073558807373047e+00 1.315508842468261719e+00 -1.990559399127960205e-01 2.526246905326843262e-01 2.986112236976623535e-02 2.237412691116333008e+00 6.700615584850311279e-02
-2.437071561813354492e+00 -8.443037271499633789e-01 1.580418229103088379e+00 -2.237442493438720703e+00 -3.716243207454681396e-01 3.008743286132812500e+00 -9.585397839546203613e-01 -1.371951818466186523e+00
-2.454444408416748047e+00 2.070150852203369141e+00 2.559803962707519531e+00 -1.163693428039550781e+00 3.879477083683013916e-01 8.368309140205383301e-01 1.388140916824340820e+00 5.819497630000114441e-02
-4.143561363220214844e+00 -2.717539310455322266e+00 -4.170081019401550293e-01 3.499540805816650391e+00 -1.950548291206359863e-01 -8.594023585319519043e-01 1.946551561355590820e+00 -4.572227001190185547e-01
-4.048240661621093750e+00 -1.966099977493286133e+00 -4.954621195793151855e-01 2.406262874603271484e+00 -1.860452741384506226e-01 -1.561049103736877441e+00 1.979909300804138184e+00 -8.780929446220397949e-01
-4.530231952667236328e+00 -2.969365835189819336e+00 -2.434639930725097656e-01 2.148165941238403320e+00 1.491745710372924805e-01 -1.910268068313598633e+00 2.034106969833374023e+00 -8.586511611938476562e-01
-3.371865034103393555e+00 -1.917553186416625977e+00 -6.138412356376647949e-01 4.973918914794921875e+00 -2.002137154340744019e-01 -9.704282879829406738e-01 2.146929740905761719e+00 -4.159624576568603516e-01
7.256287336349487305e-01 5.142099857330322266e-01 3.668865203857421875e+00 -2.431949853897094727e+00 1.545259118080139160e+00 3.207921981811523438e+00 1.318874120712280273e+00 1.028534650802612305e+00
-4.166212677955627441e-01 1.555251836776733398e+00 3.090168476104736328e+00 -2.243890762329101562e+00 2.192015171051025391e+00 2.952850341796875000e+00 1.465827584266662598e+00 -1.702061057090759277e+00
-1.465874910354614258e+00 -2.741621136665344238e-01 2.384605407714843750e+00 -2.070763111114501953e+00 1.069686412811279297e+00 3.495949268341064453e+00 -1.499727725982666016e+00 -3.467733263969421387e-01
-2.598270416259765625e+00 7.594016790390014648e-01 2.229653358459472656e+00 -1.825353980064392090e+00 1.917252242565155029e-01 1.789017319679260254e+00 -4.650665223598480225e-01 -3.616254404187202454e-02
-3.340597152709960938e+00 -1.824554800987243652e+00 -4.797812998294830322e-01 8.321303129196166992e-01 -1.697692632675170898e+00 1.788643896579742432e-01 -1.151101827621459961e+00 4.413374364376068115e-01
-2.136610507965087891e+00 -1.710025072097778320e+00 -2.858653306961059570e+00 -1.554880261421203613e+00 1.389289975166320801e+00 -2.877352237701416016e+00 1.132805585861206055e+00 -1.916679620742797852e+00
-2.232390165328979492e+00 -2.062957763671875000e+00 -1.849570035934448242e+00 -2.472585201263427734e+00 1.496727705001831055e+00 -2.918881416320800781e+00 1.035979509353637695e+00 -1.652683258056640625e+00
-2.818093299865722656e+00 -1.142859697341918945e+00 7.283753156661987305e-01 -2.416467905044555664e+00 5.962631106376647949e-01 -1.462272882461547852e+00 -5.070176720619201660e-01 -1.782247185707092285e+00
4.612824916839599609e+00 -2.280046701431274414e+00 1.112891316413879395e+00 -9.669486880302429199e-01 1.314064383506774902e+00 -2.120827198028564453e+00 1.529012918472290039e+00 -5.117037296295166016e-01
4.767519950866699219e+00 -3.323723316192626953e+00 3.278999626636505127e-01 -2.735947966575622559e-01 9.091211557388305664e-01 -2.715547084808349609e+00 7.488908767700195312e-01 -8.710031509399414062e-01
3.282587051391601562e+00 -1.826087594032287598e+00 1.395458221435546875e+00 -5.896569490432739258e-01 3.566584825515747070e+00 -1.324266195297241211e+00 -1.200779557228088379e+00 -1.234090089797973633e+00
1.954898595809936523e+00 -1.021755814552307129e+00 1.914793610572814941e+00 -2.982001304626464844e+00 9.203344583511352539e-01 -1.945724129676818848e+00 3.104216158390045166e-01 9.491607546806335449e-01
-1.091179966926574707e+00 1.250584125518798828e+00 1.096816420555114746e+00 -1.345549941062927246e+00 2.815409898757934570e+00 -1.169877052307128906e+00 -9.711357951164245605e-01 -1.238375425338745117e+00
1.253655254840850830e-01 1.551087021827697754e+00 3.926322937011718750e+00 -1.366511464118957520e+00 3.232007980346679688e+00 2.071243762969970703e+00 6.645400524139404297e-01 2.592472732067108154e-01
2.800667881965637207e-01 3.679428100585937500e-01 2.186862707138061523e+00 -1.014779329299926758e+00 4.556860923767089844e+00 -2.097187280654907227e+00 -1.095044136047363281e+00 -3.190315365791320801e-01
-2.014857292175292969e+00 -3.647103905677795410e-01 1.363838434219360352e+00 -4.644473195075988770e-01 1.283336877822875977e+00 -1.085990667343139648e+00 -2.323660373687744141e+00 1.965878725051879883e+00
-1.283219605684280396e-01 -1.287825591862201691e-02 2.209795475006103516e+00 -1.851353049278259277e+00 3.787439346313476562e+00 -2.794353961944580078e+00 -4.327135086059570312e-01 4.936863780021667480e-01
-2.801285266876220703e+00 -4.225561618804931641e-01 1.562790393829345703e+00 3.519074022769927979e-01 -2.803070545196533203e+00 9.613388180732727051e-01 -1.056124567985534668e+00 1.839311242103576660e+00
-4.047542572021484375e+00 -2.466771125793457031e+00 -1.229483366012573242e+00 1.143316030502319336e-01 1.038818597793579102e+00 -2.241308212280273438e+00 1.507997751235961914e+00 -1.085886597633361816e+00
9.547346830368041992e-01 1.407893180847167969e+00 4.273495078086853027e-01 -1.526683568954467773e+00 3.041581392288208008e+00 -2.544855594635009766e+00 3.185791969299316406e-01 5.973944067955017090e-01
8.047766685485839844e-01 8.195795863866806030e-02 5.951622724533081055e-01 -4.077191829681396484e+00 6.044418811798095703e-01 1.556491613388061523e+00 1.004281163215637207e+00 -2.006819248199462891e+00
7.728859186172485352e-01 -3.112331867218017578e+00 -9.410034418106079102e-01 9.578533172607421875e-01 4.072050452232360840e-01 2.313230037689208984e+00 9.146936535835266113e-01 -2.366276741027832031e+00
2.512336969375610352e+00 7.254804968833923340e-01 -1.734107375144958496e+00 -1.260286808013916016e+00 1.068876862525939941e+00 -8.169668316841125488e-01 1.204897165298461914e+00 -3.566115617752075195e+00
-4.499461501836776733e-02 7.561296820640563965e-01 1.183601856231689453e+00 -2.249770402908325195e+00 1.641349196434020996e+00 2.665906667709350586e+00 8.150311708450317383e-01 -2.851223468780517578e+00
-1.671581029891967773e+00 1.424850702285766602e+00 3.061770439147949219e+00 -2.332680225372314453e+00 -1.232118844985961914e+00 2.903972148895263672e+00 -4.857688397169113159e-02 -9.366693496704101562e-01
-2.229164600372314453e+00 -1.951551437377929688e+00 1.648283004760742188e+00 -5.637579560279846191e-01 2.139939546585083008e+00 -2.719909191131591797e+00 1.775800943374633789e+00 -1.267030715942382812e+00
-1.172202587127685547e+00 1.421886324882507324e+00 3.235789775848388672e+00 -2.518471002578735352e+00 -1.573486089706420898e+00 2.413794279098510742e+00 4.427687823772430420e-02 1.844745129346847534e-01
-1.271283864974975586e+00 2.322037220001220703e+00 2.967520236968994141e+00 -2.839986383914947510e-01 -2.749604940414428711e+00 1.425834059715270996e+00 5.329955220222473145e-01 -2.881698310375213623e-01
-4.895866811275482178e-01 -3.255135059356689453e+00 -2.103010654449462891e+00 -2.797596454620361328e+00 1.736921310424804688e+00 -2.430428743362426758e+00 -1.842949688434600830e-01 -5.666821599006652832e-01
-1.205869466066360474e-01 -3.198272228240966797e+00 -1.392160296440124512e+00 -2.197678327560424805e+00 1.982333421707153320e+00 -2.949284076690673828e+00 5.211752653121948242e-01 -1.432134151458740234e+00
-6.670670509338378906e-01 -2.916770219802856445e+00 -1.505863785743713379e+00 -2.504556655883789062e+00 1.731164932250976562e+00 -2.799060344696044922e+00 5.752571821212768555e-01 -1.487660050392150879e+00
-9.893954396247863770e-01 -3.599167585372924805e+00 -1.437180638313293457e+00 -2.354807853698730469e+00 2.155781984329223633e+00 -2.764877319335937500e+00 2.460962086915969849e-01 -1.203155755996704102e+00
-4.821312904357910156e+00 -2.763132333755493164e+00 -3.666023612022399902e-01 3.242444276809692383e+00 -2.994202673435211182e-01 -1.516725778579711914e+00 2.052702426910400391e+00 -4.578386619687080383e-02
-3.978633403778076172e+00 -4.138281822204589844e+00 -1.472276598215103149e-01 -9.305168688297271729e-02 6.683019399642944336e-01 -2.015943050384521484e+00 8.799021840095520020e-01 -1.291556119918823242e+00
-4.113749504089355469e+00 -3.896989107131958008e+00 2.509910166263580322e-01 -4.388144612312316895e-01 5.760078430175781250e-01 -2.105509281158447266e+00 1.339116454124450684e+00 -1.363736391067504883e+00
-4.834674835205078125e+00 -2.978887557983398438e+00 -5.803180932998657227e-01 1.982058286666870117e+00 -3.793104588985443115e-01 -9.585345983505249023e-01 1.617868661880493164e+00 -3.076632618904113770e-01
-1.178760766983032227e+00 3.859882354736328125e-01 2.027600049972534180e+00 3.034737408161163330e-01 -1.739661216735839844e+00 5.535969257354736328e+00 1.365483999252319336e+00 -2.827824354171752930e+00
-2.029004096984863281e+00 4.360775947570800781e-01 3.404394149780273438e+00 -7.088462114334106445e-01 -1.476823687553405762e+00 4.114115715026855469e+00 -1.766918301582336426e-01 -9.884692430496215820e-01
-1.575083255767822266e+00 2.279834270477294922e+00 3.444863796234130859e+00 -5.322388410568237305e-01 -2.694187879562377930e+00 5.324674606323242188e+00 -5.252612233161926270e-01 -2.429986447095870972e-01
5.541875213384628296e-02 1.320115685462951660e+00 4.309385776519775391e+00 1.193543449044227600e-01 -3.451388120651245117e+00 5.046589851379394531e+00 -1.277828335762023926e+00 2.309141635894775391e+00
9.795239567756652832e-01 -1.989372253417968750e+00 -1.367242097854614258e+00 3.723796844482421875e+00 -1.602076530456542969e+00 4.972800254821777344e+00 -6.403838098049163818e-02 -2.173899650573730469e+00
1.626618385314941406e+00 -2.889466762542724609e+00 -1.380575776100158691e+00 1.929120421409606934e+00 -2.653070211410522461e+00 3.098885536193847656e+00 -1.192920207977294922e+00 -4.236735701560974121e-01
-1.408105731010437012e+00 -1.458325266838073730e+00 3.517481684684753418e-01 -1.670179367065429688e+00 -1.476288795471191406e+00 5.688622951507568359e+00 1.170809268951416016e+00 -2.492076873779296875e+00
-2.853801727294921875e+00 -1.132090449333190918e+00 5.536986514925956726e-02 1.860952377319335938e+00 -2.829275369644165039e+00 1.041115045547485352e+00 -1.529004812240600586e+00 1.310151815414428711e+00
-2.581121399998664856e-02 8.780612945556640625e-01 1.261023879051208496e+00 -1.602659672498703003e-01 1.183928370475769043e+00 -2.692113257944583893e-02 1.116921424865722656e+00 -2.387985706329345703e+00
-8.333172798156738281e-01 1.934714913368225098e+00 3.771028995513916016e+00 -7.166737318038940430e-01 -2.061225414276123047e+00 6.272393226623535156e+00 1.404115796089172363e+00 -1.855204939842224121e+00
-2.086864471435546875e+00 2.979529857635498047e+00 2.337658643722534180e+00 -4.371724128723144531e-01 -1.966137170791625977e+00 4.924409389495849609e+00 9.872366786003112793e-01 -2.110472202301025391e+00
-8.180926442146301270e-01 2.384638786315917969e+00 4.261438846588134766e+00 -7.669039964675903320e-01 -3.577370166778564453e+00 4.846282005310058594e+00 -4.169515073299407959e-01 1.119105070829391479e-01
-4.865622520446777344e-01 -2.694293737411499023e+00 2.695943117141723633e+00 -3.470056056976318359e+00 7.622500658035278320e-01 2.275084555149078369e-01 4.847600460052490234e-01 -9.822261929512023926e-01
1.199105501174926758e+00 -2.769371509552001953e+00 -2.079183101654052734e+00 -4.577686786651611328e+00 1.348238438367843628e-01 1.710782289505004883e+00 4.651938378810882568e-01 2.443001747131347656e+00
3.880852937698364258e+00 -3.605707168579101562e+00 -1.220760345458984375e+00 -1.919041872024536133e+00 -5.596319437026977539e-01 1.610687494277954102e+00 -7.416387200355529785e-01 2.501845359802246094e+00
2.136491298675537109e+00 -3.259769916534423828e+00 -9.358792006969451904e-02 -4.084732532501220703e+00 -1.161110997200012207e+00 1.745208978652954102e+00 6.803882718086242676e-01 1.837852120399475098e+00
2.344356060028076172e+00 -4.619626045227050781e+00 -1.274410128593444824e+00 -3.146506309509277344e+00 -8.295205831527709961e-01 3.218192577362060547e+00 -6.543348729610443115e-02 1.051769495010375977e+00
-9.358050227165222168e-01 -3.178202867507934570e+00 -2.969916462898254395e-01 -3.396935701370239258e+00 -2.975730970501899719e-02 3.124650716781616211e+00 -4.859486222267150879e-01 -1.467241048812866211e+00
5.882791876792907715e-01 -3.050000429153442383e+00 2.455978393554687500e-01 -3.715781450271606445e+00 5.600231885910034180e-02 4.665169715881347656e+00 -1.059083119034767151e-01 -4.770886301994323730e-01
-7.595797777175903320e-01 -3.413655519485473633e+00 -3.574285507202148438e-01 -3.528554439544677734e+00 -7.859649062156677246e-01 2.693219661712646484e+00 -1.451005637645721436e-01 -1.728197813034057617e+00
3.571949720382690430e+00 -3.045315742492675781e+00 -1.671707510948181152e+00 2.265038728713989258e+00 3.715172111988067627e-01 -1.468269586563110352e+00 9.660515934228897095e-02 -1.876390814781188965e+00
4.842936038970947266e+00 -2.358013153076171875e+00 -9.224693477153778076e-02 2.627845287322998047e+00 -2.343821048736572266e+00 -4.227125644683837891e-01 -9.106766581535339355e-01 -1.457309961318969727e+00
1.434120893478393555e+00 -2.891572713851928711e+00 -9.501315951347351074e-01 2.400812864303588867e+00 -7.891865372657775879e-01 3.032623767852783203e+00 5.738747119903564453e-02 -3.043991804122924805e+00
4.740916728973388672e+00 -2.524016141891479492e+00 -1.416129469871520996e+00 3.652511119842529297e+00 -6.966135501861572266e-01 -1.826499342918395996e+00 2.436836659908294678e-01 -2.205266714096069336e+00
3.597536802291870117e+00 -7.542058825492858887e-01 -2.981630861759185791e-01 5.532569408416748047e+00 -1.989140152931213379e+00 -4.105377197265625000e-01 -6.778466105461120605e-01 -2.985937595367431641e+00
2.837491512298583984e+00 -1.194145716726779938e-02 1.798991203308105469e+00 2.670188426971435547e+00 -3.711521625518798828e+00 8.857873827219009399e-02 -1.089776039123535156e+00 -1.566715598106384277e+00
4.046277523040771484e+00 -1.902453184127807617e+00 8.056869506835937500e-01 2.349305152893066406e+00 -1.998454689979553223e+00 -1.845110535621643066e+00 3.465409874916076660e-01 -1.483647584915161133e+00
1.433875203132629395e+00 1.718934655189514160e+00 2.023272275924682617e+00 1.236139535903930664e+00 -2.637038946151733398e+00 1.242248654365539551e+00 7.036116719245910645e-01 -1.853421807289123535e+00
8.969879150390625000e-01 -1.593513727188110352e+00 1.513139963150024414e+00 -1.998591780662536621e+00 1.219847440719604492e+00 6.991213321685791016e+00 5.214317440986633301e-01 -6.111627817153930664e-02
7.971994280815124512e-01 -1.864254355430603027e+00 5.809249728918075562e-02 -3.492888689041137695e+00 1.403342962265014648e+00 7.287189483642578125e+00 1.542857408523559570e+00 -3.929106295108795166e-01
1.157603144645690918e+00 -1.038843512535095215e+00 4.368730485439300537e-01 -3.824990510940551758e+00 2.086454927921295166e-01 6.094099998474121094e+00 2.113942384719848633e+00 -4.805120527744293213e-01
-3.852809965610504150e-01 -9.203411340713500977e-01 5.933032035827636719e-01 -3.343935489654541016e+00 1.868771195411682129e+00 5.797593593597412109e+00 8.998773694038391113e-01 -1.753777146339416504e+00
-1.042771577835083008e+00 -1.551484107971191406e+00 3.438552916049957275e-01 -4.613942623138427734e+00 -3.460758924484252930e-01 8.280891180038452148e-01 2.803525328636169434e-01 -1.730942487716674805e+00
-1.868403077125549316e+00 -2.208516597747802734e+00 -4.274342536926269531e+00 -2.885479450225830078e+00 5.962425470352172852e-01 -1.166452765464782715e+00 6.802776455879211426e-01 1.489822387695312500e+00
-1.623406171798706055e+00 -2.212086915969848633e+00 -8.018535375595092773e-01 -3.129134654998779297e+00 1.076590538024902344e+00 -2.782974720001220703e+00 2.641707956790924072e-01 -1.656414031982421875e+00
-2.732078075408935547e+00 -4.274430274963378906e+00 -6.384291052818298340e-01 -2.049723386764526367e+00 4.702555537223815918e-01 -1.756297826766967773e+00 1.599269211292266846e-01 -6.571264266967773438e-01
