-1.338998734951019287e+00 1.668373525142669678e+00 1.914907693862915039e-01 -1.409877628087997437e+00 -1.715336889028549194e-01 -3.801577389240264893e-01 3.253990530967712402e+00 9.034303426742553711e-01
4.217813313007354736e-01 4.185778617858886719e+00 2.401569724082946777e+00 -4.556637704372406006e-01 -7.874442040920257568e-01 8.986492455005645752e-02 3.394194722175598145e+00 1.395904392004013062e+00
-1.190251827239990234e+00 6.866771459579467773e+00 1.594234794378280640e+00 2.642907857894897461e+00 8.108695596456527710e-01 -8.278217911720275879e-02 2.381125092506408691e+00 2.399156332015991211e+00
-6.223286986351013184e-01 4.193392038345336914e+00 1.707697331905364990e+00 -1.762918084859848022e+00 1.200436837971210480e-01 -1.153096452355384827e+00 2.846991062164306641e+00 1.252706468105316162e+00
-3.230569958686828613e+00 -9.247541427612304688e-03 -7.401060424745082855e-01 -1.800175905227661133e-01 -5.929225459694862366e-01 5.171909779310226440e-01 1.558033734560012817e+00 2.499992251396179199e-01
-1.649803698062896729e+00 1.031994581222534180e+00 2.146399319171905518e+00 3.007697612047195435e-01 -9.460699670016765594e-01 2.103538811206817627e+00 9.002866670489311218e-01 6.550591201521456242e-01
-1.731576919555664062e+00 2.059053882956504822e+00 2.319692254066467285e+00 -1.076841652393341064e+00 -7.551636695861816406e-01 1.551497101783752441e+00 1.914415776729583740e+00 6.379015147686004639e-01
2.422255277633666992e-01 2.945711612701416016e-01 6.990869045257568359e-01 -3.522128880023956299e+00 -2.924657762050628662e-01 3.263225376605987549e+00 1.884721100330352783e+00 5.736821889877319336e-01
-5.811552107334136963e-01 6.797039747238159180e+00 3.324112772941589355e+00 1.351929098367691040e+00 1.551881805062294006e-01 2.456564724445343018e+00 3.830447554588317871e+00 3.375423908233642578e+00
-7.563191205263137817e-01 8.169411659240722656e+00 1.580652002245187759e+00 4.082374811172485352e+00 1.328936159610748291e+00 3.029551580548286438e-01 2.576485574245452881e+00 2.808119654655456543e+00
-1.754716336727142334e-01 4.357184290885925293e+00 2.141558647155761719e+00 -3.213628530502319336e+00 1.162115067243576050e+00 1.279260337352752686e+00 5.092504024505615234e+00 2.545130252838134766e+00
-9.286313354969024658e-01 5.995166540145874023e+00 1.541838556528091431e+00 2.711395323276519775e+00 8.794022127985954285e-01 4.567124322056770325e-01 2.470645427703857422e+00 2.397685885429382324e+00
-1.471362560987472534e+00 3.183494925498962402e+00 2.160682559013366699e+00 -1.791322916746139526e+00 -4.476080685853958130e-01 9.250992834568023682e-01 2.225869953632354736e+00 7.604718506336212158e-01
-2.087603986263275146e+00 2.086224004626274109e+00 8.305117487907409668e-01 -1.194787248969078064e+00 -4.150607697665691376e-01 8.706554472446441650e-01 1.949498295783996582e+00 1.275893807411193848e+00
-1.738567769527435303e+00 4.751179218292236328e+00 1.472105562686920166e+00 -1.364491596817970276e+00 9.476712346076965332e-01 1.800852835178375244e+00 2.681239485740661621e+00 1.737210392951965332e+00
-3.143495976924896240e+00 -3.006870746612548828e-01 -1.023226678371429443e-01 -9.911499172449111938e-01 -1.195014357566833496e+00 -3.570670038461685181e-01 1.772359967231750488e+00 3.573108222335577011e-01
-2.181271798908710480e-01 4.724779367446899414e+00 4.054908394813537598e+00 -5.790888480842113495e-01 -9.877139329910278320e-01 5.330807566642761230e+00 3.869639635086059570e+00 -5.572149008512496948e-01
9.109378717839717865e-01 6.728573799133300781e+00 2.535473465919494629e+00 1.513645976781845093e+00 9.910691380500793457e-01 5.591288208961486816e-03 4.681995511054992676e+00 2.633080840110778809e+00
2.597697079181671143e-01 5.795600175857543945e+00 8.041276186704635620e-01 3.796431422233581543e-02 4.752981215715408325e-01 9.691097736358642578e-01 3.345553576946258545e+00 8.046732246875762939e-01
-8.590377867221832275e-01 3.619435906410217285e+00 1.729368984699249268e+00 -4.697662591934204102e-01 -7.985006645321846008e-01 9.575386047363281250e-01 2.672088861465454102e+00 -2.457596287131309509e-01
-4.909870982170104980e+00 6.548388600349426270e-01 -4.836448729038238525e-01 5.143219113349914551e+00 -4.116892069578170776e-01 -1.309724703431129456e+00 2.384558916091918945e+00 7.154715880751609802e-01
-4.095030784606933594e+00 -7.778387069702148438e-01 -2.204721450805664062e+00 6.933806419372558594e+00 -7.853484749794006348e-01 1.609340548515319824e+00 6.008003950119018555e-01 1.075521230697631836e+00
-3.905583977699279785e+00 -4.235178232192993164e-01 -6.166633367538452148e-01 5.617959499359130859e+00 -1.035218507051467896e+00 1.401786357164382935e+00 -7.823348045349121094e-03 1.132781475782394409e+00
-4.965046405792236328e+00 -1.286105036735534668e+00 -3.392625689506530762e+00 7.970782041549682617e+00 -1.477316081523895264e+00 1.748066246509552002e+00 8.340110704302787781e-01 1.330284297466278076e+00
-2.881535589694976807e-01 2.785675287246704102e+00 3.523196220397949219e+00 4.093399196863174438e-01 -1.279209494590759277e+00 3.672925949096679688e+00 1.511852860450744629e+00 2.411078035831451416e+00
-9.465669421479105949e-01 1.753607273101806641e+00 1.698573708534240723e+00 8.683896064758300781e-01 -1.713507547974586487e+00 1.177145183086395264e+00 6.400955915451049805e-01 8.680626302957534790e-01
-1.143647421151399612e+00 2.523522734642028809e+00 1.939372360706329346e+00 4.422180533409118652e+00 -1.799631714820861816e+00 1.878867909312248230e+00 2.342064976692199707e-01 2.073339968919754028e+00
2.969015985727310181e-01 2.460502743721008301e+00 8.767773509025573730e-01 2.472349882125854492e+00 -8.217860311269760132e-01 7.985953390598297119e-01 1.059325627982616425e+00 2.194503679871559143e+00
-2.946294397115707397e-01 2.845363736152648926e+00 7.214613854885101318e-01 -1.929905235767364502e+00 5.054653175175189972e-01 5.133109092712402344e-01 2.865321278572082520e+00 2.523461878299713135e+00
1.530207631178200245e+00 2.999693155288696289e+00 2.356375753879547119e+00 -1.304522627964615822e+00 -1.080990314483642578e+00 1.883963972330093384e+00 3.307696104049682617e+00 1.918918728828430176e+00
8.389678411185741425e-02 5.237331628799438477e+00 1.752934515476226807e+00 -7.229098863899707794e-01 -2.739983014762401581e-01 3.975555393844842911e-01 3.096440434455871582e+00 2.558664858341217041e+00
-2.107496559619903564e+00 3.323270320892333984e+00 2.914138063788414001e-01 8.099616020917892456e-01 3.536764271557331085e-01 -1.496231555938720703e-02 1.198301613330841064e+00 2.145638197660446167e+00
1.368584990501403809e+00 2.933084964752197266e-01 8.827096521854400635e-01 -8.736027777194976807e-02 -9.824097156524658203e-02 3.309240072965621948e+00 2.412849664688110352e+00 1.647206723690032959e+00
1.786094632931053638e+00 1.549277052283287048e+00 3.567788958549499512e+00 -2.733086466789245605e+00 -2.760886400938034058e-02 3.559831857681274414e+00 4.769531488418579102e+00 2.450290977954864502e+00
6.565455198287963867e-01 1.480280861258506775e+00 3.713487982749938965e+00 -1.518478482961654663e+00 2.728737518191337585e-01 3.210260152816772461e+00 3.597920894622802734e+00 2.835833668708801270e+00
2.183373868465423584e-01 2.021635770797729492e-01 2.667908489704132080e+00 -1.536557197570800781e+00 -4.533853344619274139e-01 3.819810748100280762e+00 2.408521294593811035e+00 9.845084846019744873e-01
6.830906011164188385e-01 1.806015014648437500e+00 1.522984504699707031e+00 -2.414610385894775391e+00 -2.148087061941623688e-01 4.651534676551818848e+00 2.802188396453857422e+00 -1.116039792075753212e+00
9.526156485080718994e-01 1.447264030575752258e+00 -4.642663896083831787e-01 -2.070535223931074142e+00 6.572422087192535400e-01 2.646537601947784424e+00 1.528955280780792236e+00 -5.681321322917938232e-01
9.876754879951477051e-02 4.129476785659790039e+00 2.257751047611236572e+00 -7.552029490470886230e-01 -1.079643525183200836e+00 1.457150697708129883e+00 1.906820893287658691e+00 1.047340355813503265e+00
1.641118373721837997e+00 1.757147967815399170e+00 2.756695926189422607e+00 -1.196541339159011841e+00 -1.592146712355315685e-01 7.350905239582061768e-01 3.317707657814025879e+00 1.219470769166946411e+00
-1.963771402835845947e+00 4.200356245040893555e+00 9.193332195281982422e-01 -2.367780983448028564e+00 1.099838048219680786e+00 2.251503407955169678e+00 2.992756605148315430e+00 1.845813035964965820e+00
-2.599811196327209473e+00 4.182690143585205078e+00 1.851604580879211426e-01 -9.538237899541854858e-01 4.512499868869781494e-01 4.153542965650558472e-01 3.587089419364929199e+00 1.137543976306915283e+00
-1.748412668704986572e+00 1.901118755340576172e-01 9.440891072154045105e-02 -1.101579770445823669e+00 -5.689013004302978516e-02 2.028878986835479736e+00 7.283246517181396484e-01 8.306365013122558594e-01
-2.254224538803100586e+00 4.876745700836181641e+00 1.143166154623031616e+00 -4.447707086801528931e-01 7.106842026114463806e-01 1.543248057365417480e+00 2.908420920372009277e+00 1.935106515884399414e+00
-2.998040676116943359e+00 -4.507696628570556641e-02 -2.480714321136474609e-01 4.615285038948059082e+00 -1.369132965803146362e+00 -9.078810214996337891e-01 1.310176275670528412e+00 1.297110825777053833e+00
-2.382117450237274170e+00 1.201240584254264832e+00 1.402619063854217529e+00 1.324685409665107727e+00 -1.199860125780105591e+00 -1.125303342938423157e+00 1.978070020675659180e+00 3.962218165397644043e-01
-3.896899521350860596e+00 1.595119401812553406e+00 3.460673764348030090e-01 2.648778438568115234e+00 -1.370897665619850159e+00 -2.011976897716522217e+00 1.604271590709686279e+00 5.860584601759910583e-01
-3.527838468551635742e+00 6.802785322070121765e-01 -1.087299227714538574e+00 8.573627710342407227e+00 -7.599902562797069550e-01 -8.322730958461761475e-01 7.430660426616668701e-01 1.132409892044961452e+00
-3.361150622367858887e-01 3.277645111083984375e+00 7.328542210161685944e-01 -1.047317326068878174e+00 8.128438740968704224e-01 3.205432295799255371e+00 2.217962741851806641e+00 2.200655966997146606e+00
-1.415059387683868408e+00 3.654988765716552734e+00 1.806859821081161499e-01 -1.220406442880630493e+00 2.013464570045471191e+00 3.447919785976409912e+00 2.100702121853828430e+00 -6.121675446629524231e-01
-8.392560184001922607e-01 -2.560949325561523438e-02 1.208976060152053833e+00 -1.979232035577297211e+00 1.319857150316238403e+00 1.553457260131835938e+00 9.944358468055725098e-01 5.527039766311645508e-01
-9.275898039340972900e-01 3.671025753021240234e+00 7.168579995632171631e-01 -1.655093669891357422e+00 2.185048848390579224e+00 9.484976083040237427e-01 2.249029278755187988e+00 1.697204113006591797e+00
-2.140748798847198486e+00 7.647392153739929199e-01 -2.610667347908020020e-01 1.987188041210174561e+00 -1.159384131431579590e+00 9.153869748115539551e-01 4.631016850471496582e-01 1.039097934961318970e+00
-2.716505825519561768e+00 -8.408271074295043945e-01 -1.753869473934173584e+00 -3.933378458023071289e-01 -1.307967782020568848e+00 -2.450452506542205811e+00 2.312181234359741211e+00 3.643955290317535400e-02
-3.939152002334594727e+00 9.627839922904968262e-01 -2.024197608232498169e+00 -1.844850644469261169e+00 5.586823821067810059e-01 -1.756146177649497986e+00 2.737539410591125488e+00 3.893066793680191040e-01
-8.691401183605194092e-01 1.722877532243728638e+00 5.013685524463653564e-01 -2.231846570968627930e+00 -1.738823354244232178e-01 -7.901738435029983521e-01 1.574634313583374023e+00 2.011871263384819031e-01
3.428937852382659912e+00 1.350623071193695068e+00 -1.176767021417617798e+00 1.573385655879974365e+00 6.501228809356689453e-01 -2.986499071121215820e-01 1.383289873600006104e+00 1.204273402690887451e+00
2.528605043888092041e+00 -6.930470466613769531e-03 -1.184087514877319336e+00 -5.163861364126205444e-01 -4.790711998939514160e-01 -4.637220799922943115e-01 6.908087730407714844e-01 -2.246082723140716553e-01
1.718290448188781738e-01 1.558884143829345703e+00 -6.700657308101654053e-01 1.194397300481796265e+00 5.483135581016540527e-01 1.280339807271957397e+00 1.445404827594757080e+00 -5.146723836660385132e-01
1.619595319032669067e+00 1.604472838342189789e+00 3.571471273899078369e-01 -2.712988436222076416e+00 -8.318271636962890625e-01 -5.761470496654510498e-01 1.241692721843719482e+00 1.010681651532649994e+00
-2.379873037338256836e+00 2.590278744697570801e+00 6.202412843704223633e-01 2.111808836460113525e+00 5.740094073116779327e-01 3.395067304372787476e-01 9.169251248240470886e-01 8.027301430702209473e-01
-1.113766849040985107e+00 5.106236696243286133e+00 8.954977989196777344e-01 1.129836022853851318e+00 1.537016972899436951e+00 3.138579368591308594e+00 1.448309719562530518e+00 1.606654047966003418e+00
-1.104369670152664185e+00 1.838964223861694336e+00 1.525231510400772095e+00 7.593083418905735016e-01 2.042528241872787476e-01 3.873310163617134094e-01 -1.399400830268859863e-01 5.140568241477012634e-01
-1.298284053802490234e+00 1.137203261256217957e+00 9.159575104713439941e-01 8.132965266704559326e-01 -8.092296123504638672e-02 -3.139960318803787231e-01 5.523563027381896973e-01 1.538481146097183228e+00
-1.772531000897288322e-01 1.620844066143035889e+00 3.501247465610504150e-01 -1.043872840702533722e+00 9.405734464526176453e-01 -8.159946352243423462e-01 8.348711431026458740e-01 7.553758919239044189e-01
-1.563139438629150391e+00 1.499253511428833008e-02 1.778676211833953857e-01 -2.465929593890905380e-01 -6.566458195447921753e-01 -3.931854963302612305e-01 -7.765796780586242676e-02 2.158718928694725037e-01
-3.272846579551696777e+00 1.307612180709838867e+00 -7.624253034591674805e-01 7.673364877700805664e-02 5.727191008627414703e-01 -5.146085470914840698e-01 2.569658637046813965e+00 6.686806976795196533e-01
8.995727412402629852e-01 2.691069245338439941e+00 -2.745317891240119934e-01 3.043736666440963745e-01 1.592459715902805328e-01 -1.042150512337684631e+00 9.492244124412536621e-01 1.339027658104896545e+00
1.533542573451995850e-01 1.818980112671852112e+00 7.008717656135559082e-01 -2.326808705925941467e+00 7.633913308382034302e-01 2.393911182880401611e+00 1.782237946987152100e+00 -1.978750317357480526e-01
3.294128477573394775e-01 9.533747434616088867e-01 -1.595578454434871674e-01 -3.913971781730651855e-01 -1.463121622800827026e-01 1.424465358257293701e+00 9.411226063966751099e-01 2.224696278572082520e-01
7.504065334796905518e-01 1.780883073806762695e+00 -1.261299546808004379e+00 -2.637850463390350342e+00 1.790682524442672729e-01 9.320779442787170410e-01 1.994209706783294678e+00 -1.143961519002914429e+00
2.304879724979400635e-01 2.632837414741516113e+00 1.838845312595367432e+00 -1.376676082611083984e+00 1.089976266026496887e+00 2.595632016658782959e+00 3.307802200317382812e+00 3.729570768773555756e-01
-1.300721287727355957e+00 2.552035808563232422e+00 1.673720598220825195e+00 -2.017437905073165894e+00 3.412622660398483276e-01 1.874844074249267578e+00 1.642732977867126465e+00 1.317445516586303711e+00
-1.999910473823547363e+00 1.105718046426773071e+00 9.308158457279205322e-01 9.749209880828857422e-02 1.117420196533203125e-01 -2.055900096893310547e-01 7.063445970416069031e-01 2.795003801584243774e-01
-1.051128953695297241e+00 2.513194680213928223e+00 1.563366174697875977e+00 -1.228979647159576416e+00 5.841100141406059265e-01 2.197280824184417725e+00 1.614521086215972900e+00 2.121224761009216309e+00
-2.481713928282260895e-01 2.607952117919921875e+00 3.060794174671173096e+00 4.601266086101531982e-01 -6.580615490674972534e-01 1.294813841581344604e+00 3.008626818656921387e+00 1.192489162087440491e+00
-1.129394263029098511e+00 -2.249957352876663208e+00 -2.046378910541534424e+00 -1.020198345184326172e+00 2.034737430512905121e-01 7.265922427177429199e-02 -3.533443361520767212e-01 1.480970121920108795e-01
-2.319020390510559082e+00 -2.674918949604034424e+00 -2.755989015102386475e+00 -9.816167354583740234e-01 3.798808604478836060e-01 -7.145669013261795044e-01 1.022798299789428711e+00 -1.633156836032867432e-01
-1.723906219005584717e+00 -3.941857814788818359e-02 -2.576031863689422607e+00 -1.822121292352676392e+00 8.881659507751464844e-01 -2.998587191104888916e-01 1.166755616664886475e+00 1.460617780685424805e-02
-3.708665132522583008e+00 -2.105092942714691162e+00 -3.137969732284545898e+00 -8.057047724723815918e-01 1.472612708806991577e+00 -5.915275216102600098e-01 3.511692509055137634e-01 4.718054383993148804e-01
-3.405782759189605713e+00 1.191243812441825867e+00 7.796433269977569580e-01 4.222990393638610840e+00 -9.352873116731643677e-01 -1.201425269246101379e+00 1.952070057392120361e+00 7.734189778566360474e-01
-2.325241331011056900e+00 -6.232682466506958008e-01 -2.493204437196254730e-01 2.473599016666412354e-01 -6.642908304929733276e-01 -1.232152774930000305e+00 2.328958153724670410e+00 1.321324929594993591e-01
-1.725887522101402283e+00 -1.125235199928283691e+00 -7.902991175651550293e-01 -8.861783631145954132e-01 -4.079162329435348511e-01 -3.307897001504898071e-01 2.088144540786743164e+00 1.716313883662223816e-01
-3.528881669044494629e+00 -1.223684191703796387e+00 -4.744302928447723389e-01 8.047725558280944824e-01 -1.034722119569778442e+00 -1.126810207962989807e+00 1.353537857532501221e+00 1.128420419991016388e-01
2.413843348622322083e-01 2.025968372821807861e+00 1.964630186557769775e+00 1.811673820018768311e+00 -1.471202634274959564e+00 4.990930378437042236e+00 1.818505883216857910e+00 -1.366356536746025085e+00
-1.842827677726745605e+00 6.395830512046813965e-01 1.836025297641754150e+00 -6.439435184001922607e-01 4.520058035850524902e-01 2.092296004295349121e+00 1.488469779491424561e+00 7.861295342445373535e-01
-9.243658483028411865e-01 2.149070739746093750e+00 1.584937036037445068e+00 -1.219568103551864624e-01 -1.103661678731441498e+00 2.943415910005569458e+00 9.985359683632850647e-01 6.282008299604058266e-02
5.798716694116592407e-01 1.482074260711669922e+00 2.531696230173110962e+00 9.952724575996398926e-01 -2.220947504043579102e+00 3.445516943931579590e+00 3.393009305000305176e-01 1.472072377800941467e+00
3.135305047035217285e-01 -9.891933798789978027e-01 -2.336110293865203857e+00 4.338709473609924316e+00 -6.311614811420440674e-01 3.864110171794891357e+00 2.818054556846618652e-01 -5.269928574562072754e-01
6.932310163974761963e-01 -1.265970647335052490e+00 -1.094564288854598999e+00 2.377026796340942383e+00 -1.822203934192657471e+00 2.053752124309539795e+00 -1.889920234680175781e-01 6.265986775979399681e-01
-7.246497273445129395e-01 -1.573015451431274414e-01 3.627213835716247559e-02 -1.213617920875549316e-01 -8.856487646698951721e-01 2.685625731945037842e+00 1.434905409812927246e+00 -8.098076954483985901e-01
-1.591938644647598267e+00 6.397780179977416992e-01 2.717046737670898438e-01 1.437153100967407227e+00 -1.953499317169189453e+00 -1.724006235599517822e-01 -1.117877364158630371e-01 5.225013718008995056e-01
3.274156898260116577e-01 1.808108329772949219e+00 1.288429468870162964e+00 2.681225180625915527e+00 -8.505076766014099121e-01 7.458614259958267212e-01 1.393258810043334961e+00 1.189145952463150024e+00
5.400007516145706177e-01 3.846507430076599121e+00 4.085843920707702637e+00 -7.914179190993309021e-01 -1.351385638117790222e+00 5.492180466651916504e+00 3.061011314392089844e+00 9.673911333084106445e-02
-2.543078064918518066e+00 4.630143642425537109e+00 1.828041255474090576e+00 1.274384155869483948e+00 -1.235215499997138977e+00 3.511177301406860352e+00 2.229475498199462891e+00 -4.063728302717208862e-01
-7.959666550159454346e-01 5.546205520629882812e+00 3.510209619998931885e+00 6.007029004395008087e-01 -1.451103311032056808e+00 3.391095280647277832e+00 2.727200746536254883e+00 2.384776115417480469e+00
-1.080778390169143677e+00 1.049103021621704102e+00 5.929799973964691162e-01 -2.609182655811309814e+00 1.668900787830352783e+00 1.839790284633636475e+00 1.507903367280960083e+00 4.093363434076309204e-01
1.382599532604217529e+00 -1.117001771926879883e-01 -5.679253339767456055e-01 -4.070032596588134766e+00 3.197506368160247803e-01 2.903858184814453125e+00 1.833968877792358398e+00 9.268919825553894043e-01
4.097475707530975342e+00 -6.966447830200195312e-01 -1.160916179418563843e+00 3.029975481331348419e-01 -3.682130388915538788e-01 3.914060667157173157e-01 5.452864691615104675e-01 1.008859768509864807e+00
1.551637709140777588e+00 -3.591682314872741699e-01 -1.746124625205993652e-01 -2.186809837818145752e+00 -7.845396697521209717e-01 1.046333476901054382e+00 1.161719322204589844e+00 2.508546486496925354e-01
1.300371617078781128e+00 -2.370601773262023926e+00 -1.796925127506256104e+00 3.592754304409027100e-01 -7.138645201921463013e-01 3.471146047115325928e+00 -3.770164847373962402e-01 5.782272815704345703e-01
-2.224013686180114746e+00 -1.336637139320373535e+00 -1.823835492134094238e+00 -1.692155003547668457e-01 6.610224545001983643e-01 2.244314789772033691e+00 5.700124800205230713e-02 1.361979365348815918e+00
6.173563003540039062e-02 5.397765636444091797e-01 -1.134991645812988281e-01 -1.501108586788177490e+00 5.462517589330673218e-01 2.653537631034851074e+00 5.745300874114036560e-01 1.743328198790550232e-01
-1.313635945320129395e+00 -7.404685020446777344e-02 -1.077720969915390015e+00 -2.258765973150730133e+00 9.559070765972137451e-01 2.341867208480834961e+00 8.519487977027893066e-01 -3.153171315789222717e-01
3.229262799024581909e+00 -2.108969688415527344e-01 -1.473933488130569458e+00 3.986615896224975586e+00 4.164808392524719238e-01 5.432183593511581421e-01 3.000091314315795898e-01 -2.545625939965248108e-01
2.786942631006240845e+00 5.509532690048217773e-01 -1.161354482173919678e-01 5.061648368835449219e+00 -1.838786363601684570e+00 9.140066355466842651e-01 -2.164819240570068359e-01 -4.626758843660354614e-01
4.575662016868591309e-01 1.740299463272094727e-01 -6.489371955394744873e-01 3.573352336883544922e+00 -5.099908411502838135e-01 2.866934478282928467e+00 8.445320650935173035e-01 -9.651796817779541016e-01
2.840551823377609253e+00 -1.054925471544265747e+00 -2.490811467170715332e+00 5.558867454528808594e+00 -6.748485416173934937e-01 -4.304481893777847290e-01 3.997742533683776855e-01 -3.593254089355468750e-02
3.395274400711059570e+00 1.607638880610466003e+00 -5.430306158959865570e-01 7.441433191299438477e+00 -7.963642776012420654e-01 -9.777459800243377686e-01 1.458414137363433838e+00 -5.461641848087310791e-01
4.013674974441528320e+00 3.287068367004394531e+00 1.609041959047317505e+00 6.800466299057006836e+00 -2.717024967074394226e+00 1.014628276228904724e+00 1.523415654897689819e+00 4.396675378084182739e-01
5.310794740915298462e+00 1.908833980560302734e+00 -4.029156565666198730e-01 6.937882184982299805e+00 -1.980943828821182251e+00 1.921164989471435547e-01 1.931540191173553467e+00 -3.989505544304847717e-01
1.745664027519524097e+00 2.269877910614013672e+00 2.659086346626281738e+00 2.865655183792114258e+00 -1.396656125783920288e+00 1.424668371677398682e+00 2.195497095584869385e+00 8.650323972105979919e-01
8.703555762767791748e-01 -6.565217971801757812e-01 -4.812598526477813721e-01 -1.992646336555480957e+00 7.237897738814353943e-01 4.159332334995269775e+00 5.183288156986236572e-01 8.440127074718475342e-01
1.358742415904998779e-01 -3.503471612930297852e-01 -2.297063767910003662e-01 -2.792774796485900879e+00 1.469456046819686890e+00 4.988058924674987793e+00 2.801508307456970215e-01 9.247938990592956543e-01
1.222679316997528076e+00 6.496946811676025391e-01 -1.522231698036193848e-01 -3.846392035484313965e+00 1.323873519897460938e+00 5.136098980903625488e+00 1.407990887761116028e+00 8.184778392314910889e-01
-6.515675038099288940e-01 2.064551413059234619e+00 7.090256214141845703e-01 -2.558727383613586426e+00 2.030131816864013672e+00 2.820538759231567383e+00 2.481890916824340820e+00 1.812410593032836914e+00
-5.779567379504442215e-01 7.694683074951171875e-01 1.553877070546150208e-01 -3.440924882888793945e+00 4.607760757207870483e-01 1.278359651565551758e+00 1.761819124221801758e+00 2.705806195735931396e-01
-1.250224798917770386e+00 -1.301411300897598267e+00 -1.338726788759231567e+00 6.669753789901733398e-02 -8.222497776150703430e-01 -2.081129401922225952e-01 8.824729621410369873e-01 1.052200259873643517e-01
-9.294083416461944580e-01 1.948624581098556519e+00 -4.377172589302062988e-01 -1.809867464005947113e+00 2.269918508827686310e-01 -4.945112466812133789e-01 1.227634519338607788e+00 1.586504504084587097e-01
-8.262985832989215851e-01 -1.397129476070404053e+00 -7.190117686986923218e-01 -2.305349111557006836e+00 -8.119849562644958496e-01 -3.141571730375289917e-01 5.122672989964485168e-01 -2.554938588291406631e-01
