-1.766424679756164462e+00 -1.598564493656158492e+00 1.487483382225036552e-02 -3.299987721443176092e+00 1.851411975920200237e-01 -2.727218985557556152e+00 3.544126319885253729e+00 -1.508702623844146773e+00
7.137910544872283491e-01 8.067481487989425215e-01 3.011751031875610440e+00 -5.508349403738975747e-01 -5.584471285343169944e-01 -1.982672297954559237e+00 4.084664320945739391e+00 -4.440549954771995655e-01
-9.809542000293731689e-01 4.193641042709350231e+00 1.739158165454864458e+00 1.925514888763427690e+00 1.136217111349105746e+00 -6.171497255563735962e-01 1.832108330726623491e+00 3.276155069470405856e-02
-1.589158662594854776e-01 1.718837189674377486e+00 1.881405770778656006e+00 -2.564301967620849609e+00 2.800418227910995705e-01 -2.945169186592102140e+00 3.501815223693847567e+00 -9.509779691696167436e-01
-3.504363417625427246e+00 -3.454008078575134366e+00 -9.717200219631194624e-01 -2.035857546329498113e+00 -8.840049743652343972e-01 7.236352756619452986e-01 9.253279149532318559e-01 -7.961615622043609619e-01
-2.738569426536559881e+00 -3.036846065521240146e+00 2.252929651737213046e+00 -1.628868067264556796e+00 -1.922467803955078214e+00 2.244848465919494718e+00 1.967126953601837203e+00 -9.210730314254760298e-01
-2.397814059257507235e+00 -3.297662353515625089e+00 1.659749734401702925e+00 -3.367222070693969727e+00 -2.007810461521148504e+00 5.223050206899643166e-01 2.386015009880066096e+00 -1.281526017189025923e+00
-1.497296464443206743e+00 -4.520836973190307972e+00 3.871063947677612083e-01 -3.557706594467163086e+00 -8.328504204750061257e-01 3.604318237304687589e+00 1.539657735824584872e+00 -1.168807923793792725e+00
-1.294414473697543255e-01 3.938585352897644221e+00 3.701374292373657227e+00 9.116593599319458563e-02 -5.068359166383743508e-01 2.195399498939514249e+00 2.181093835830688388e+00 2.725405287742614924e+00
1.321005478501319774e-01 4.817659378051757812e+00 1.807889938354492188e+00 2.865414381027221680e+00 1.253272080421447665e+00 1.484933607280254364e-01 1.378615236282348722e+00 1.050950199365615845e+00
4.870265811681747659e-01 2.109211397171020685e+00 2.011271631717681974e+00 -3.260007524490356356e+00 4.766925498843193054e-01 1.855604767799377441e+00 3.529285669326782227e+00 1.867677688598632812e+00
-5.905381381511688454e-01 4.416106271743774236e+00 1.159666985273361206e+00 1.591105997562408447e+00 1.858079469203949063e+00 -1.761894449591636658e-01 2.363457918167114258e+00 1.058354169130325317e+00
-2.483993363380432307e+00 -7.819824367761611661e-02 2.416969990730285733e+00 -2.616648888587951749e+00 -8.730822369456291421e-01 1.723734343051910312e+00 -4.886623501777648815e-01 -6.205692335963248762e-01
-2.814090919494629084e+00 -1.846414482593536466e+00 6.429598122835159524e-01 -2.384408295154571533e+00 -1.630587768554687456e+00 1.751688432693481401e+00 7.697829246520996316e-01 -7.058821469545364380e-01
-1.616057789325714200e+00 2.513788557052612394e+00 7.735279262065887229e-01 -1.992301356792449907e+00 3.285043835639953752e-02 2.523522901535034002e+00 1.809816801548004062e+00 1.571311227977275904e-01
-3.798385739326477051e+00 -3.776339149475097745e+00 -1.554831594228744396e-01 -1.747566235065460161e+00 -1.213397526741027743e+00 7.933535516262054665e-01 9.554028868675231712e-01 -8.107791364192962202e-01
-8.783967852592468040e-01 3.077636289596557440e+00 2.885293245315551758e+00 2.347860038280486991e-02 -2.168322905898094066e-01 5.310264205932616832e+00 2.980021524429321111e+00 -1.658923304080963224e+00
1.439097726345062167e+00 3.090559101104736417e+00 3.812765836715698242e+00 1.085841524600982710e+00 1.457962405681610063e+00 -1.008330869674682662e+00 4.869697999954223810e+00 9.382396399974822776e-01
9.077854722738265547e-01 4.294305944442749379e+00 2.504434299468994318e+00 1.098843365907669067e+00 1.435347485542297408e+00 8.516447097063065130e-02 3.730464506149291815e+00 -4.820818454027175903e-02
-2.371851181983947843e+00 1.079164856672286898e+00 1.977215659618377641e+00 -4.094193175435066334e-01 2.862596869468688743e-01 -7.127930223941802979e-02 1.167781847715377852e+00 -2.316214323043823242e+00
-5.411058712005615057e+00 -3.734501075744629084e+00 -6.984299749135971513e-01 4.896129894256591619e+00 -5.326979920268058999e-01 -7.558495372533797774e-01 2.469188404083252131e+00 4.106820553541183361e-01
-4.214120483398437145e+00 -3.723796463012695401e+00 -1.578663504123687833e+00 2.767896556854247958e+00 -9.583927094936370850e-01 3.932304114103317150e-01 8.213113367557525191e-01 2.608028247952461354e-01
-3.641507601737976163e+00 -2.811984229087829412e+00 -8.519768893718719927e-01 3.806469440460205078e+00 -1.463062059879302934e+00 1.230219554901123002e+00 -1.796430110931396540e-01 9.007341265678405762e-01
-3.930475640296935858e+00 -3.969336628913879395e+00 -1.382022678852081299e+00 3.390774226188659757e+00 -1.244519281387329146e+00 9.247788131237030251e-01 1.044976913928985507e+00 4.591428056359291299e-01
-4.096737310290336498e-01 6.292377740144730058e-01 3.315003514289855957e+00 6.238124668598175049e-01 -3.231245231628418146e+00 5.132962703704833984e+00 -3.340759128332138062e-01 3.319024419784545987e+00
-2.035878288745879949e+00 5.715358018875121848e-01 2.355096089839935125e+00 -1.164057052135467618e+00 -3.894041275978088468e+00 2.510293221473693936e+00 -9.235316634178161177e-01 1.874370805919170491e-01
-1.084526282548904375e+00 1.235314190387725830e+00 2.499119925498962225e+00 3.822837853431701571e+00 -1.406292307376861617e+00 2.922465705871581942e+00 -2.256550550460815430e+00 2.442853665351867765e+00
2.879498577117920011e+00 -2.825422644615173340e+00 5.701384663581847700e-01 2.520629739761352628e+00 -2.069888293743133545e+00 5.738455295562744363e-01 -9.880810976028442383e-01 1.584330904483795210e+00
-7.661280371248721521e-02 4.984535127878189087e-01 -4.926701843738555686e-01 -3.168960046768188654e+00 5.562993437051773349e-02 -2.868723660707473977e-01 2.808050513267517090e+00 3.860332822799682706e+00
2.092768955230712713e+00 8.510155051946639571e-01 2.515571713447570801e+00 -3.607083535194397061e+00 -1.987576127052307129e+00 1.610407817363739058e+00 4.706915140151977539e+00 3.320184516906738104e+00
-3.864749938249588124e-01 3.533875131607055575e+00 1.250499725341796875e+00 -2.432214379310607910e+00 -2.054202568531036555e+00 7.133706063032149713e-02 2.799008154869079501e+00 3.499015116691589267e+00
-3.375144028663635165e+00 9.690842628479004461e-02 -2.472241714596748463e-01 -1.174014699459075883e+00 -1.263761329650878951e+00 -1.629083228111267045e+00 9.029550492763519509e-01 2.929304647445678533e+00
3.874721169471740723e+00 -2.731677055358886719e+00 2.226673352718353094e+00 -2.962724089622497559e+00 -1.567313534021377519e+00 2.962865257263183505e+00 4.497095012664795277e+00 3.312669372558593839e+00
2.838169980049133123e+00 -2.120469987392425537e+00 3.815366578102111994e+00 -3.945219755172729492e+00 -1.035167056322097823e+00 3.146174240112304510e+00 5.904545640945434215e+00 2.520123934745788663e+00
2.549786424636840909e+00 -2.291452562808990567e+00 4.394358587265014826e+00 -3.223419713973998846e+00 -9.051457881927490456e-01 3.503811264038085849e+00 3.984182524681091131e+00 2.762204217910766424e+00
3.025725565850734822e-01 -2.213741672039032160e+00 3.172987890243530451e+00 -3.561206746101379217e+00 -1.636501789093017578e+00 5.170637798309326350e+00 4.145953583717346014e+00 -2.820722475647926553e-01
5.024171769618988037e-01 1.642583870887756259e+00 5.739799484610557112e-01 -3.835486769676208496e+00 -4.357183977961540111e-01 5.756951570510864258e+00 3.628648972511291593e+00 -2.521245145797729403e+00
1.551104581356048673e+00 -9.815513849258422630e-01 -1.074603092670440629e+00 -3.769563007354736150e+00 -3.271250575780868530e-01 1.604909241199493408e+00 1.670607852935791060e+00 -3.509339189529419034e+00
3.558739366009831540e-01 3.330321335792541415e+00 1.965271389484405606e+00 -2.806085801124572843e+00 -1.883798670768737749e+00 2.342607223987579257e+00 1.631932005286216847e-01 -1.029544956982135773e+00
1.693592715263366744e+00 -2.000946784019470126e+00 4.018499255180358887e+00 -2.658838868141174316e+00 -5.776854842901230080e-01 -9.215897440910338911e-01 3.985859894752502353e+00 2.989222556352615426e-02
-2.038563215732574374e+00 -1.934346830844879239e+00 1.162330520153045610e+00 -3.466155481338501154e+00 -4.094253122806549294e-01 2.119770503044128507e+00 8.461654782295227051e-01 -8.276436328887939453e-01
-3.717065048217773615e+00 1.295186430215835571e-01 4.855211183428764232e-01 -8.061601519584655762e-01 -4.325140967965125927e-01 -3.280532307922839896e-01 2.473186302185058416e+00 2.745799161493778229e-01
-2.047595083713531494e+00 -3.730763053894043058e+00 5.863073289394378218e-01 -2.715254378318786799e+00 3.421423584222793579e-02 2.108066070079803289e+00 -5.322733819484710693e-01 -4.886768162250518799e-01
-2.578080224990844549e+00 8.927552044391632302e-01 1.425293529033660800e+00 -2.030416488647460938e+00 5.540660023689270020e-02 1.043998801708221347e+00 1.223162060976028531e+00 2.409434854984283392e-01
-4.063250660896301270e+00 -3.184976625442504705e+00 -8.653016865253448930e-01 4.070027351379394531e+00 -6.347357153892516646e-01 -8.503076612949371782e-01 1.451246941089630038e+00 2.114143781363964081e-01
-4.279552507400512518e+00 -2.204723870754242032e+00 3.592382639646530262e-01 2.379348194599151700e+00 -6.503944128751755205e-01 -1.324189448356628329e+00 1.712325954437255771e+00 -6.026300340890884399e-01
-4.589902639389038086e+00 -2.872076129913330167e+00 -3.501020044088363758e-01 2.945865869522094727e+00 -3.820333912968635337e-01 -1.255589890480041548e+00 1.694257700443267733e+00 -6.845273450016975403e-02
-3.778525924682617276e+00 -2.464062857627868475e+00 -5.249346613883971724e-01 5.624407434463501332e+00 -7.820855498313903365e-01 -5.099571049213409424e-01 1.735699582099914595e+00 2.339169353246688954e-01
2.658427486196160427e-01 -2.065815761685371454e-01 1.753703832626342773e+00 -3.041256642341613858e+00 7.630431562662124412e-01 3.405085849761962713e+00 1.310027891397476107e+00 1.645949798822402999e+00
-1.987253934144973810e-01 8.188815295696258989e-01 2.324526917934417902e+00 -2.434434676170349032e+00 3.372522807121276944e+00 4.052163887023925604e+00 1.125507271289825528e+00 -1.417332231998443604e+00
-6.652935594320297241e-01 -2.029313564300537109e+00 2.057437074184417902e+00 -2.896812558174133301e+00 2.134383141994476318e+00 2.997708058357238858e+00 -1.668101859092712358e+00 1.895117022097110859e-01
-2.178736257553100408e+00 -1.020532953739166304e+00 1.262496459484100386e+00 -2.826480698585510432e+00 1.217623519897460982e+00 1.025988447666168257e+00 1.141896039247512762e-01 7.085797458887099776e-01
-3.060910129547119052e+00 -2.712598538398742765e+00 -8.891821205615997314e-01 1.954142498970031783e+00 -1.132398813962936401e+00 4.419838681817054860e-01 -5.273923873901367188e-01 6.143047213554382324e-01
-2.386733508110046476e+00 -2.678494548797607511e+00 -2.159791052341461182e+00 -1.052811968326568648e+00 7.124633580446243508e-01 -2.407539844512939453e+00 1.632288861274719283e+00 -1.883176612854003951e+00
-2.431137084960937500e+00 -2.177572095394134433e+00 -1.824526023864746049e+00 -2.384748482704162509e+00 1.366425538063049228e+00 -3.001620244979858576e+00 1.735865330696106046e+00 -1.565193212032318204e+00
-2.610112357139587225e+00 -1.386313080787658691e+00 7.058636546134948730e-01 -2.757160997390747159e+00 6.226026266813278198e-01 -7.383194059133529885e-01 2.466284632682800432e-02 -2.288015413284301580e+00
6.197356796264648082e+00 -2.726041054725647061e+00 2.046137899160384993e-02 1.232296848297119052e+00 6.141151428222656472e-01 -1.900058102607727006e+00 1.088469231128692538e+00 -4.849153809249401315e-01
5.605219316482544123e+00 -3.525266122817993342e+00 -5.440094113349914773e-01 8.419362485408783403e-01 9.148156523704529253e-01 -2.432770729064941406e+00 5.041657000780105369e-01 -8.606339573860168901e-01
4.120942544937133967e+00 -1.220531967282295183e+00 3.708911567926406749e-01 1.640076747536659330e+00 2.146174657344817938e+00 -2.142580807209014893e+00 4.574839055538177379e-01 -2.106080901622772394e+00
3.592048907279968173e+00 -1.529308795928955078e+00 1.156868255138397306e+00 -3.072724890708923517e+00 6.952944397926330566e-01 -1.573430764675140425e+00 6.900622785091400369e-01 3.155761502683162578e-01
-7.744390696287155595e-01 -8.509727269411086759e-02 1.853949022293090776e+00 -9.578450202941894975e-01 3.446098041534424006e+00 -1.958115589618682817e+00 -1.479203248023986728e+00 -6.545193284749984963e-01
-6.537618726491928323e-01 1.820552039146423384e+00 2.206032991409301758e+00 -9.415260553359985352e-01 3.674465870857238858e+00 3.013783359527587802e+00 -3.444706857204437034e-01 1.060927867889404297e+00
3.957865592092275897e-02 3.995022773742675642e-02 2.293187654018402188e+00 -1.062032836675643965e+00 2.676840496063232600e+00 -6.774340867996215820e-01 -1.833741855621337846e+00 2.986384354531764762e-01
-1.476732861995696977e+00 -5.210926562547684160e-01 1.434510791301727206e+00 8.284884691238403320e-01 2.096995365619659601e+00 -1.418097543716430708e+00 -1.895185434818267733e+00 1.807685208320617631e+00
1.920968974009156227e-01 -1.524260616302490323e+00 1.456503582000732377e+00 -2.543845057487487793e+00 4.212594914436340154e+00 -2.678915333747863947e+00 -1.078859585523605391e+00 -1.335926145315170233e-01
-3.545956254005432129e+00 -2.492523431777954102e+00 1.209246671199798673e+00 -2.496048524975776617e-01 -5.145312741398810896e-01 3.806560628116130718e-01 -1.108669549226760864e+00 2.869290731847286002e-01
-3.552297592163085938e+00 -2.052451896667480291e+00 -1.143945813179016113e+00 -5.590138301253319009e-01 1.200173509120941118e+00 -2.408636331558227539e+00 2.080618917942047119e+00 -9.686772227287292480e-01
1.982251441478729337e+00 2.388288348913192860e-01 -1.199277266860008240e-01 -4.427843749523162620e-01 2.443380045890807928e+00 -2.979923582077026456e+00 8.680353164672852118e-02 5.325285196304321289e-01
1.072017306089401156e+00 2.531762927770614402e-01 -1.991689920425415150e-01 -3.932552385330200018e+00 8.360470831394195557e-01 4.099070596694946111e+00 1.404140424728393510e+00 -2.319856166839599609e+00
1.919634473323821977e+00 -2.482329905033111572e+00 -1.208363997936248824e+00 2.432255887985229403e+00 2.224458895623683818e-01 8.929533667862414870e-01 1.021225661039352417e+00 -2.294482707977294922e+00
2.191137707233429044e+00 3.436933591961860435e-01 -1.063558781147003085e+00 -1.387389373779296831e+00 6.563430309295654741e-01 -2.549746155738830677e-01 1.317629969120025724e+00 -3.544214820861816495e+00
1.241432410478591875e+00 -3.467524841427803151e-01 1.014463013410568326e+00 -2.803615748882293812e-01 1.930324530601501554e+00 4.636014699935913086e+00 1.594708013534545943e+00 -1.734015798568725675e+00
-9.913484394550323708e-01 -1.022423022985458285e+00 1.603895735740661577e+00 -3.657742023468017578e+00 -1.231819444894790561e+00 3.931260848045349032e+00 4.891122177243232838e-01 -4.531105339527130016e-01
-2.955989050865173162e+00 -2.193305003643035711e+00 1.581808495521545455e+00 -5.996831156313419120e-01 2.367421507835388184e+00 -1.982707405090331942e+00 -1.689424902200698797e-01 -1.182782310247421309e+00
-1.004103004932403564e+00 -7.805774658918380737e-01 2.163353765010833651e+00 -3.056946110725403010e+00 -1.325938153266906783e+00 3.135767626762389959e+00 -4.991442859172821184e-02 8.633663579821586609e-01
-1.233593279123306186e+00 7.681273072957991999e-02 3.508163428306579679e+00 7.896643638610839622e-01 -1.280039411783218339e+00 5.618280470371246338e-01 1.646722897887230030e-01 7.587228864431381226e-01
8.170551270246505515e-01 -3.267897176742553533e+00 -2.057624971866607755e+00 -3.331667852401733576e+00 1.085967850685119584e+00 -2.169619750976562678e+00 -2.626318603754043690e-01 -7.719215929508209673e-01
-1.128165346384048418e+00 -3.643101572990417480e+00 -1.407780671119689853e+00 -2.497500872611999601e+00 1.744967722892761142e+00 -2.478945469856262296e+00 4.520150467753410450e-01 -1.565480959415435747e+00
-1.330180060863494829e+00 -2.665654611587524592e+00 -1.893188881874084517e+00 -1.960192072391510054e+00 1.721932923793792813e+00 -2.451596164703369052e+00 9.194083333015441450e-01 -1.757009458541870073e+00
-2.805903410911560147e+00 -4.527263975143432262e+00 -1.058958286046981723e+00 -2.390967202186584650e+00 1.790843462944030851e+00 -2.247715508937835782e+00 2.445087730884552141e-02 -9.747165918350220171e-01
-4.973790597915649592e+00 -3.128928089141845614e+00 -3.257468819618224987e-01 3.948409175872802823e+00 -3.483123749494552723e-01 -1.618116664886474654e+00 2.254523015022277921e+00 -2.955335468053817971e-01
-3.919807076454162598e+00 -3.977905964851379483e+00 1.479339405894279369e-01 7.309980213642119917e-01 2.543477132916450723e-01 -1.878688585758209184e+00 2.210822224617004395e+00 -7.589935064315795898e-01
-3.598179125785827548e+00 -4.043150758743285778e+00 -5.110459387302398460e-01 -2.328843638300895635e-01 3.741004794836044201e-01 -1.431601440906524747e+00 1.379080498218536288e+00 -1.020735633373260454e+00
-5.121137905120849432e+00 -4.193192243576049805e+00 -8.683183729648590310e-01 3.712691888213157654e-01 -6.624456763267516646e-01 -5.702442288398742454e-01 1.513990700244903564e+00 -6.749225974082946333e-01
-2.391930907964706365e-01 -2.359780818223953247e-01 2.012982475757598699e+00 1.474143725633621171e+00 -1.979959166049957364e+00 6.043934392929076971e+00 8.589597105979919212e-01 -2.499169564247131436e+00
-2.590510249137878418e+00 -2.687781476974487216e+00 2.206901609897613525e+00 -1.773090124130249023e+00 -1.092707926034927279e+00 3.257644510269165128e+00 -3.767080456018447876e-01 -8.203058600425719993e-01
-1.355599319934845060e+00 8.224377036094665527e-01 2.858608531951904119e+00 -7.602854251861572710e-01 -3.165234494209289373e+00 5.751916885375976562e+00 -1.311967855691909879e+00 1.410382390022277832e-01
1.262064558267593339e+00 -2.390793025493621882e-01 3.800448608398437678e+00 2.124227076768875067e-01 -3.978104662895202814e+00 6.026528358459472656e+00 -2.089971637725830167e+00 3.030851483345031738e+00
1.419028341770172119e+00 -2.279561257362365811e+00 -2.806110262870788574e+00 3.505391478538513184e+00 -1.603339564800262407e+00 5.479240131378174006e+00 -6.857971251010894775e-01 -1.637341666221618697e+00
1.210931205749511630e+00 -2.535976219177245916e+00 -1.605010461807250932e+00 2.302505481243133367e+00 -2.402532744407653631e+00 3.202803921699524103e+00 -1.186591202020645053e+00 -1.643645383417606243e-01
-1.406422710418701261e+00 -3.146973490715026855e+00 -6.212143599987030029e-01 -2.078122580051422030e+00 -5.207757622003554854e-01 5.962273645401000799e+00 1.408858001232147217e+00 -2.142495524883270441e+00
-2.421301817893982022e+00 -6.683521807193756326e-01 1.575314331054687544e+00 2.309489631652831942e+00 -2.362921071052551447e+00 1.926930844783782959e+00 -1.205694097280502364e+00 1.527206575870514005e+00
1.135679376125335649e+00 -3.508224517107009777e-01 1.696946728229522749e+00 3.087028956413269132e+00 -5.946772716939449088e-01 1.428904020786285312e+00 -5.338242352008819580e-01 -6.441806882619858232e-01
-5.181608732789755312e-01 2.635059833526611328e+00 4.163900661468505682e+00 -1.526103186607360884e+00 -2.455289626121520907e+00 7.272733068466186168e+00 1.419707649946212680e+00 -1.846812033653259189e+00
-2.372928071022033514e+00 2.428741681575774969e+00 2.109846580028533758e+00 -8.216272115707397017e-01 -1.836344993114471524e+00 4.746052551269531072e+00 1.766187238693237349e+00 -2.418443822860717685e+00
-2.899890217930078395e-01 3.257111930847167880e+00 4.285898637771606623e+00 -5.700410902500152588e-01 -3.937022376060485662e+00 5.001319837570190607e+00 -3.403977483510970958e-01 8.232724636793136153e-01
-2.571104131639003615e-02 -3.619972538948059260e+00 6.398386180400847945e-01 -3.891685390472412021e+00 1.927250349521636874e+00 2.903550028800964355e+00 5.424278020858764870e-01 -6.983990430831908958e-01
2.068418645858764560e+00 -3.497080731391906561e+00 -6.995991051197052446e-01 -4.639982175827026545e+00 -4.817386865615844727e-01 3.011493039131164728e+00 9.590075016021728516e-01 1.230295264720916659e+00
5.135377025604247692e+00 -3.998863720893859774e+00 -6.795460253953933272e-01 -4.951783165335655323e-01 -9.236414670944214089e-01 1.102166980504989624e+00 2.117293834686279352e-01 2.222650063037872492e+00
2.371840441226959140e+00 -3.893291139602661044e+00 -4.435668587684631348e-01 -3.495994734764098943e+00 -1.116440862417221069e+00 2.602883720397949130e+00 7.136066168546676414e-01 1.517853176593780606e+00
3.057410430908203303e+00 -4.626716184616088690e+00 -2.255694854259490789e+00 -2.139955818653106689e+00 -1.074748605489730835e+00 3.893865084648132413e+00 -4.011350721120834351e-01 1.771324765682220415e+00
-1.455641293525695712e+00 -4.223163747787475941e+00 -1.149439561367034957e+00 -2.805978035926818936e+00 -8.390874713659286777e-02 3.092585945129394442e+00 -3.796947479248046764e-01 -5.174628615379333052e-01
1.378424286842346191e+00 -3.365565776824951172e+00 1.361504197120666504e-03 -2.636128592491149725e+00 -5.595295071601867898e-01 4.827817964553832830e+00 -2.001427412033081055e-01 5.494599640369415283e-01
-5.496697358787059340e-01 -3.671407175064087092e+00 -1.045110416412353471e+00 -3.899693465232849210e+00 -4.722967997193336376e-01 4.533268737792968572e+00 9.756682932376861128e-01 -1.184534788131713867e+00
4.972567749023437678e+00 -1.918840253353118808e+00 -2.352003824710846125e+00 3.642805576324462891e+00 2.426085844635963440e-01 -1.547348046302795321e+00 4.168179750442504994e-01 -2.635828733444213867e+00
5.461482667922973988e+00 -2.316467881202697754e+00 -3.926003247499466053e-01 3.107364463806152166e+00 -1.818115687370300382e+00 -7.324303969740867393e-01 -6.730952024459838645e-01 -2.012161087989807307e+00
2.466741228103637606e+00 -1.984272885322570845e+00 -7.906072556972503218e-01 5.285470962524414062e+00 -1.415616977214813277e+00 2.375279510021209628e+00 7.795916199684143066e-01 -3.514412546157836825e+00
4.708522367477416815e+00 -3.346376466751098455e+00 -1.540191471576690674e+00 3.173188710212707431e+00 -8.888218820095061812e-01 -1.284649717807769820e+00 1.516750335693359264e-01 -2.414133977890014826e+00
4.808372259140014648e+00 -1.709682250022888095e+00 -7.803680777549744096e-01 5.842317724227905629e+00 -1.406823492050170987e+00 -9.176286101341247781e-01 6.174447655677794966e-01 -3.756576347351074041e+00
4.095731425285339178e+00 -8.190526992082596269e-01 1.603033244609832764e+00 4.880276203155517578e+00 -3.744301009178161443e+00 1.529812790453433935e-01 -9.033215582370758279e-01 -1.221799260377884000e+00
4.868289279937743963e+00 -2.030589222908020020e+00 2.351584017276763805e-01 4.928298425674438654e+00 -2.260605180263519198e+00 -1.155674356222152754e+00 5.157914906740188737e-02 -1.687401044368743941e+00
3.089858412742614746e+00 -2.397626146674156078e-01 2.021588194370269598e+00 3.296953368186950506e+00 -3.072788119316101074e+00 4.532763332128524891e-01 -5.796601623296737671e-01 -1.585831725597381503e+00
1.785511481761932417e+00 -2.821785473823547274e+00 -2.566102325916290172e-01 -2.154355108737945557e+00 1.551555454730987549e+00 6.973210763931274592e+00 -4.970034509897232056e-01 4.614486753940582053e-01
9.306685030460357666e-01 -3.024816608428955167e+00 -7.872367829084396806e-01 -4.015996432304381969e+00 1.599350035190582275e+00 8.154194355010986328e+00 1.303835499286651656e+00 1.884330913424491771e-01
1.604902994632720903e+00 -2.603990781307220281e+00 -3.466782063245773537e-01 -4.389804410934448065e+00 6.467576742172240767e-01 6.359457921981811701e+00 1.993356084823608487e+00 -5.915740400552749190e-01
-2.559772878885269339e-03 -2.492073726654052912e+00 6.293503105640411155e-01 -4.084747910499572754e+00 3.953978940844535966e-02 5.202263784408569514e+00 1.859280371665954501e+00 -2.231181085109710804e-01
-3.438183151185512654e-01 -2.711964583396911710e+00 -1.223259270191192627e-01 -4.700736427307129262e+00 -6.544406414031982144e-02 1.719948971271514804e+00 4.638889670372009499e-01 -6.233918428421020286e-01
-1.689511740207672030e+00 -3.285676240921020508e+00 -3.511724781990051447e+00 -2.996101617813110352e+00 -5.688972771167755127e-03 -1.967051208019256481e-01 9.455906748771667480e-01 5.758406281471252219e-01
-1.803837072849273637e+00 -2.253495740890502752e+00 -5.869612336158752663e-01 -2.968723297119140625e+00 9.757588863372802512e-01 -2.732692456245422452e+00 8.807040572166442427e-01 -1.674257051944732622e+00
-2.847829580307006836e+00 -4.654979133605957387e+00 -6.193269431591034158e-01 -2.266056835651397705e+00 -4.134896308183669822e-01 -5.985642254352570024e-01 2.285415351390838734e-01 -5.802996575832366499e-01
