-1.443922281265258789 -0.990109100937843323 -1.337246552109718323 -3.631451010704040527 0.544494722038507462 -2.663074493408203125 2.411698937416076660 -1.422326833009719849 -0.270463392138481140 -2.329250216484069824 -2.032328546047210693 -3.363188087940216064 -4.105541050434112549
0.191047316417098045 0.064253680408000946 2.966380357742309570 -1.662376761436462402 -0.472250200808048248 -2.037566095590591431 3.693986296653747559 -0.837425500154495239 0.525817170739173889 -1.278579682111740112 -2.502349138259887695 -1.996037453413009644 -4.747957229614257812
-0.443415157496929169 3.505753993988037109 1.591974377632141113 1.276160389184951782 1.599671274423599243 -1.469734996557235718 2.309895217418670654 -0.190095982514321804 1.143151402473449707 -0.368228830397129059 -2.380657076835632324 -4.694399833679199219 -4.718208551406860352
-0.117377659305930138 2.181825876235961914 1.811973154544830322 -2.116231441497802734 1.145484924316406250 -2.873378515243530273 2.359900891780853271 -0.616114340722560883 1.105442762374877930 -1.266882956027984619 -2.633082926273345947 -4.389151096343994141 -4.550719618797302246
-3.569266378879547119 -3.424560427665710449 -0.989247009158134460 -0.816903278231620789 -1.432307422161102295 0.927006676793098450 0.684052318334579468 -0.358271449804306030 -2.157845437526702881 -2.389255821704864502 -0.097004741430282593 -4.948025941848754883 -3.686800718307495117
-3.083385884761810303 -2.867925465106964111 1.920922994613647461 -1.136714443564414978 -1.956322520971298218 1.403101414442062378 1.016141843050718307 -0.753917567431926727 -1.487969011068344116 -1.894595056772232056 -1.018455758690834045 -3.306481361389160156 -2.074375659227371216
-1.912539273500442505 -2.812134146690368652 2.590486764907836914 -2.310026228427886963 -1.760037392377853394 1.192260414361953735 2.015173971652984619 -1.056941360235214233 -1.069239184260368347 -2.109233140945434570 -1.726117998361587524 -2.062781006097793579 -2.986485958099365234
-1.011456295847892761 -4.157500863075256348 -0.024670138955116272 -3.031595528125762939 -1.318723291158676147 2.781459867954254150 1.004477366805076599 -0.739533111453056335 -2.429488718509674072 -3.094782769680023193 -1.298257857561111450 -3.544770002365112305 -2.753083229064941406
0.614055152982473373 2.895482599735260010 4.095670938491821289 -0.619475729763507843 -0.791329972445964813 2.561834454536437988 1.995382070541381836 2.359077513217926025 1.956011593341827393 -0.139977395534515381 -2.624586045742034912 -4.613260865211486816 -4.678696036338806152
-0.046080258674919605 4.818600535392761230 2.170493274927139282 2.515874505043029785 1.411353260278701782 0.897706493735313416 1.416894257068634033 1.019042730331420898 1.931039035320281982 0.468430638313293457 -2.379321873188018799 -4.633794784545898438 -4.650442242622375488
0.148557896725833416 1.880524367094039917 2.495579481124877930 -2.889986455440521240 1.006690427660942078 1.304105587303638458 3.925393462181091309 1.425699949264526367 0.817857399582862854 -1.586270034313201904 -2.617198944091796875 -3.164829611778259277 -4.916293740272521973
0.034922555088996887 4.213828265666961670 1.992967605590820312 0.860279284417629242 2.258342504501342773 -0.154306588694453239 1.949863195419311523 1.336381763219833374 1.348358273506164551 -0.622180804610252380 -2.421441972255706787 -4.615795254707336426 -4.739223599433898926
-2.426300406455993652 0.460422731935977936 2.712278008460998535 -2.295009493827819824 -1.215208619832992554 1.576444983482360840 0.128438670188188553 0.126761063933372498 0.438718765974044800 -1.154075860977172852 -2.277882814407348633 -4.646250009536743164 -4.721433281898498535
-2.996237754821777344 -2.565375089645385742 -0.278175152838230133 -1.990884274244308472 -1.401926010847091675 1.486971527338027954 0.750083938241004944 -0.898829266428947449 -1.339404851198196411 -2.360620856285095215 -1.000228539109230042 -4.480161190032958984 -4.282487273216247559
-2.135869204998016357 1.782229870557785034 1.800868153572082520 -2.170082986354827881 0.651382222771644592 1.777616202831268311 1.156331762671470642 0.232458841055631638 1.010465219616889954 -1.405643165111541748 -2.428231596946716309 -4.630731821060180664 -4.775494098663330078
-3.573792755603790283 -3.739019930362701416 -0.854637846350669861 -1.352727770805358887 -1.200485169887542725 0.740176826715469360 0.816178560256958008 -1.007922023534774780 -2.349432110786437988 -2.708218932151794434 -0.354607656598091125 -4.748460292816162109 -3.820931315422058105
-0.576422907412052155 3.275933444499969482 2.998393476009368896 -0.355599656701087952 0.257379069924354553 4.749437451362609863 3.161127507686614990 -1.686211585998535156 2.472683250904083252 0.115298233926296234 -2.561675906181335449 -4.895009517669677734 -4.768536090850830078
1.218699187040328979 3.415291786193847656 3.662142217159271240 0.523291766643524170 1.136619389057159424 -0.773467496037483215 4.395185470581054688 0.759544610977172852 1.209730863571166992 -0.310364484786987305 -2.648161828517913818 -3.686732888221740723 -4.680321216583251953
0.968141332268714905 4.378775715827941895 2.107373923063278198 1.401542931795120239 1.307593867182731628 0.122254528105258942 3.398600697517395020 -0.149557269178330898 1.898350417613983154 -0.064659126102924347 -2.632798492908477783 -4.404015541076660156 -4.606170654296875000
-1.749614357948303223 1.014118477702140808 1.667216122150421143 -0.602183140814304352 0.867192402482032776 -0.588109947741031647 0.897846452891826630 -2.390323221683502197 0.470958240330219269 -1.053514838218688965 -2.122182071208953857 -4.773854494094848633 -4.336374402046203613
-5.092081665992736816 -3.564132690429687500 -0.712628632783889771 4.223052501678466797 -0.225368740037083626 -0.414505943655967712 2.328990399837493896 0.634627260267734528 -3.192028224468231201 -0.949144601821899414 3.187124729156494141 -4.877413153648376465 -2.959871947765350342
-4.465297341346740723 -3.402471065521240234 -1.240817666053771973 2.609139919281005859 -0.984835535287857056 0.517448074184358120 0.390746220946311951 0.535944432020187378 -2.911747217178344727 -1.333425074815750122 2.190606236457824707 -4.822609543800354004 -1.264175534248352051
-4.126318216323852539 -2.721463024616241455 -0.741235569119453430 3.390564978122711182 -1.027678266167640686 1.226629450917243958 -0.043558947741985321 0.966631814837455750 -2.436431348323822021 -0.556173175573348999 2.372262060642242432 -4.765541315078735352 -1.476536870002746582
-4.388897538185119629 -3.952992200851440430 -1.480423927307128906 3.996862530708312988 -1.440782546997070312 0.570554047822952271 1.196064382791519165 0.719321824610233307 -3.205656409263610840 -0.933771714568138123 3.478144347667694092 -4.914083719253540039 -2.495206892490386963
-0.321298126131296158 1.194150894880294800 3.536084473133087158 1.374463543295860291 -3.132868230342864990 4.175859391689300537 -0.460106410086154938 3.180017828941345215 1.615406870841979980 1.950537949800491333 -1.896658241748809814 -4.948849201202392578 -4.295125484466552734
-1.645464628934860229 0.314635064452886581 2.684850990772247314 -1.190900087356567383 -3.368597567081451416 2.901432156562805176 -1.211010038852691650 0.136236421763896942 0.994953349232673645 -0.376378402113914490 -1.794029176235198975 -4.571687340736389160 -3.550841808319091797
-0.737477660179138184 1.493090689182281494 3.066901206970214844 2.767741739749908447 -1.478928923606872559 2.605842530727386475 -2.323050230741500854 3.380305111408233643 0.874664738774299622 1.680172681808471680 -1.056325092911720276 -4.725804805755615234 -3.448875963687896729
1.129201710224151611 -3.211270272731781006 0.065505361184477806 1.280207112431526184 -2.141228020191192627 -0.319899849593639374 -0.909247502684593201 0.269818726927042007 -2.255929231643676758 -1.320620864629745483 -0.406363032758235931 -5.008162617683410645 -0.494550660252571106
-0.641626708209514618 -0.098207492381334305 0.319767735898494720 -3.193969368934631348 0.385963037610054016 -0.176202211529016495 2.164817869663238525 4.105360805988311768 -0.700271368026733398 -1.836247533559799194 -2.010636866092681885 -3.672951459884643555 -4.306024909019470215
1.406146198511123657 1.228328287601470947 2.057882249355316162 -3.522296011447906494 -2.235316514968872070 2.879160046577453613 3.486515164375305176 2.318851262331008911 1.662640899419784546 -1.351219609379768372 -2.621773898601531982 -2.991779804229736328 -4.892727375030517578
-0.140321044251322746 2.535592257976531982 1.488331049680709839 -3.028462350368499756 -2.157783806324005127 0.366144761443138123 2.659735441207885742 3.124548196792602539 1.891008317470550537 -0.854972377419471741 -2.876991927623748779 -2.929597020149230957 -4.807282447814941406
-3.036845088005065918 0.376875840127468109 -0.432747371494770050 -1.735931724309921265 -1.433080673217773438 -1.321851700544357300 0.939900323748588562 3.057871520519256592 -0.207204177975654602 -1.284913077950477600 -1.676234960556030273 -4.576986789703369141 -4.048634946346282959
3.732347369194030762 -2.786222636699676514 2.139915704727172852 -2.549706995487213135 -1.316074073314666748 4.110583782196044922 3.246882736682891846 2.775468826293945312 -1.475336074829101562 -2.750289797782897949 -2.179986238479614258 0.248278602957725525 -4.970949649810791016
3.137596666812896729 -2.061372935771942139 3.908975362777709961 -3.712131619453430176 -0.470804803073406219 2.488626301288604736 5.008624196052551270 1.874169141054153442 -1.033806279301643372 -2.995659768581390381 -2.970376312732696533 3.925547242164611816 -5.042550325393676758
2.154942154884338379 -2.268859028816223145 3.925999224185943604 -3.276506066322326660 -0.711849808692932129 3.879679560661315918 3.535293638706207275 1.673968285322189331 -0.918466582894325256 -2.556617558002471924 -2.587985396385192871 0.801753818988800049 -4.473119616508483887
0.391088888049125671 -1.977962523698806763 3.815989911556243896 -3.151093363761901855 -1.702601611614227295 4.656938314437866211 3.564166009426116943 -0.909332126379013062 -0.187796711921691895 -2.187822341918945312 -2.474664926528930664 0.276144012808799744 -4.249570369720458984
0.290255300700664520 0.791857376694679260 0.404624979943037033 -2.886829853057861328 0.373812561854720116 5.403118014335632324 3.062041223049163818 -2.356109380722045898 0.815444603562355042 -1.796225517988204956 -2.348070263862609863 -4.188279151916503906 -4.355256676673889160
1.825837641954421997 -0.022037673741579056 -0.736814156174659729 -2.944457709789276123 -0.091343039646744728 1.700837433338165283 2.126203089952468872 -3.212697446346282959 0.644837595522403717 -2.208916783332824707 -2.315580844879150391 -3.978686809539794922 -4.732348322868347168
0.532390873879194260 2.095482826232910156 2.109236001968383789 -3.223758280277252197 -1.275776922702789307 2.339744806289672852 0.615756981074810028 -0.551591023802757263 1.819409072399139404 -1.484180688858032227 -2.521837770938873291 -4.388617992401123047 -4.673647522926330566
1.513118088245391846 -1.943394899368286133 3.815025985240936279 -2.664947032928466797 -0.170957887545228004 -0.015748469159007072 3.249659895896911621 -0.507223650813102722 -0.958088874816894531 -2.506384670734405518 -2.457234621047973633 0.505529135465621948 -4.102646946907043457
-1.725168317556381226 -2.011071443557739258 0.771019279956817627 -2.896339118480682373 -0.047658540308475494 2.517671704292297363 0.744532249867916107 -0.537406940013170242 -1.278871685266494751 -2.360101819038391113 -1.508342474699020386 -4.365853071212768555 -4.076999783515930176
-3.264138758182525635 0.666271232068538666 0.778537690639495850 -1.871002554893493652 -0.100080063566565514 0.241006322205066681 2.315125614404678345 0.227505069226026535 0.310852143913507462 -1.484733790159225464 -1.950255513191223145 -4.533128619194030762 -4.526968121528625488
-1.524577587842941284 -3.268729090690612793 0.262822188436985016 -2.522832691669464111 -0.015085132792592049 1.648888707160949707 -0.399476267397403717 -0.441846154630184174 -2.180869162082672119 -2.685104370117187500 -1.097346872091293335 -4.711634755134582520 -2.867317676544189453
-2.824794352054595947 0.719398468732833862 1.955374836921691895 -1.367488294839859009 -0.677334517240524292 1.339663788676261902 0.768859688192605972 0.320340622216463089 0.515813089907169342 -1.034180417656898499 -2.091738760471343994 -4.764886379241943359 -4.521283388137817383
-4.207869291305541992 -3.477084338665008545 -0.348498083651065826 2.695191979408264160 -0.846483603119850159 -0.683680132031440735 1.452898561954498291 0.030002847313880920 -3.026163816452026367 -1.396951138973236084 1.736399382352828979 -4.871499300003051758 -2.304763793945312500
-4.287429571151733398 -1.996805995702743530 -0.405601296573877335 1.714217841625213623 -0.632021524012088776 -1.131702899932861328 0.890915796160697937 -0.240606736391782761 -1.997968137264251709 -1.184462010860443115 0.125731036067008972 -4.832425832748413086 -1.528420761227607727
-4.646039843559265137 -2.625128328800201416 -0.210160974413156509 1.559447526931762695 -0.241639111191034317 -1.005157589912414551 1.005125731229782104 -0.402024980634450912 -2.365116119384765625 -1.509605020284652710 0.365392610430717468 -4.837604045867919922 -1.788420796394348145
-3.879365324974060059 -2.079181611537933350 -0.206994187086820602 4.959686517715454102 -0.600324288010597229 -0.532238975167274475 0.826131865382194519 0.496746234595775604 -2.641073465347290039 0.113742865622043610 2.200783729553222656 -4.800132274627685547 -1.157100766897201538
0.092926118522882462 -0.258706517517566681 2.667295753955841064 -3.077730953693389893 1.520882427692413330 2.405664384365081787 1.042543336749076843 1.400643199682235718 -0.748407468199729919 -2.105017840862274170 -2.216896533966064453 -3.653830349445343018 -4.565840005874633789
0.023632220923900604 0.827897980809211731 2.415470480918884277 -3.053111314773559570 2.730467975139617920 3.268743753433227539 0.394124753773212433 -1.472595185041427612 -0.184266433119773865 -1.953026801347732544 -2.241003394126892090 -4.304068207740783691 -4.400559425354003906
-0.671416133642196655 -1.206487879157066345 2.426404207944869995 -2.569037497043609619 2.463193237781524658 4.318475723266601562 -1.531751096248626709 1.247177243232727051 -1.000303864479064941 -2.177281200885772705 -2.021438896656036377 -4.475583434104919434 -3.480673432350158691
-2.227404177188873291 -1.733933031558990479 1.271978706121444702 -2.719614148139953613 0.605939947068691254 0.908749245107173920 -0.176020726561546326 0.435233034193515778 -1.451162189245223999 -2.215810596942901611 -1.675707608461380005 -4.537688136100769043 -4.333670854568481445
-3.218646228313446045 -3.220073461532592773 -1.333182662725448608 0.197044963017106056 -1.664241164922714233 1.165618509054183960 -0.005798194557428360 0.094434812664985657 -2.287844598293304443 -2.046913474798202515 0.588205859065055847 -4.918762087821960449 -3.225889444351196289
-2.611303746700286865 -2.891074180603027344 -2.335158556699752808 -1.462244629859924316 0.569321483373641968 -1.903032302856445312 1.468037575483322144 -1.963616758584976196 -1.864702522754669189 -2.903540730476379395 -0.955380618572235107 -4.949414610862731934 -3.864868998527526855
-1.768004655838012695 -1.546237856149673462 -2.002771943807601929 -2.561454057693481445 0.965582624077796936 -3.046898245811462402 1.642944544553756714 -1.725242644548416138 -0.842489048838615417 -2.590573132038116455 -1.746055305004119873 -4.229631066322326660 -3.986476778984069824
-2.651598691940307617 -1.373672932386398315 0.282576289027929306 -2.585024714469909668 0.246179217472672462 -0.771943718194961548 -0.471285887062549591 -1.836159974336624146 -1.233651041984558105 -2.505069077014923096 -1.713568300008773804 -4.949500083923339844 -4.583340764045715332
5.635209202766418457 -2.039450198411941528 0.588752888143062592 -0.031594332307577133 0.922856003046035767 -2.050809323787689209 0.727490991353988647 -0.530267007648944855 -2.034767210483551025 -2.039921373128890991 -1.659683555364608765 -4.706925868988037109 -3.210521101951599121
5.542436361312866211 -3.408655285835266113 -0.230822585523128510 -0.384327255189418793 0.392618238925933838 -2.314162790775299072 0.400261640548706055 -0.885720893740653992 -2.431566894054412842 -2.477619946002960205 -1.443679869174957275 -5.089621305465698242 -2.035478770732879639
3.882751941680908203 -1.607750415802001953 1.209226608276367188 -0.646414726972579956 2.491787254810333252 -1.627180650830268860 -0.511354245245456696 -1.924351811408996582 -1.848320364952087402 -1.773247808218002319 -1.485908299684524536 -4.997843384742736816 -2.064430058002471924
2.699895203113555908 -1.141030833125114441 0.749066218733787537 -3.348062813282012939 1.083675354719161987 -1.446681603789329529 -0.043953601270914078 -0.200932581909000874 -1.448131203651428223 -2.470606982707977295 -2.020122438669204712 -4.535950064659118652 -3.782613337039947510
-0.863612867891788483 -0.144861407577991486 1.435183972120285034 -2.459976196289062500 2.938681364059448242 -0.832452200353145599 -2.163763940334320068 -0.870302945375442505 -0.998555883765220642 -2.185504645109176636 -2.027081727981567383 -5.056093096733093262 -3.626729369163513184
-0.422871496528387070 1.154583394527435303 2.365027606487274170 -0.865921452641487122 3.302767753601074219 3.102711856365203857 -0.175259120762348175 0.900716796517372131 -0.125687219202518463 -1.338713318109512329 -1.913183242082595825 -4.929520487785339355 -4.500964879989624023
0.840760692954063416 0.535902213305234909 2.383526921272277832 -1.326663196086883545 3.097803771495819092 -1.071656882762908936 -1.313083291053771973 -0.192081879824399948 -0.572395026683807373 -1.961200743913650513 -1.962720930576324463 -4.962799310684204102 -4.131411075592041016
-1.958466112613677979 -0.094553686678409576 1.434264689683914185 -0.143276445567607880 -0.165144532918930054 0.376562442630529404 -1.986233562231063843 2.645632982254028320 -0.707811623811721802 -0.805512920022010803 -1.243263602256774902 -4.960705280303955078 -3.565897881984710693
0.311051554977893829 -1.391515806317329407 1.606208473443984985 -2.947354376316070557 3.482759892940521240 -2.405040860176086426 -0.877921447157859802 -0.292916185222566128 -1.811930656433105469 -2.533215820789337158 -2.043607860803604126 -4.684286355972290039 -2.429498404264450073
-2.624445259571075439 -2.163006663322448730 0.269672621041536331 -1.052572175860404968 -0.321764219552278519 1.655604064464569092 -1.734094858169555664 0.895142152905464172 -1.521496891975402832 -1.680685371160507202 -0.912145733833312988 -4.878723144531250000 -0.180607408285140991
-3.502571642398834229 -2.438704907894134521 -1.047371521592140198 -0.586332842707633972 1.057061895728111267 -1.896189570426940918 1.770729303359985352 -1.030715793371200562 -2.086037695407867432 -2.405049681663513184 -0.696235500276088715 -4.916022300720214844 -3.261141300201416016
1.990128040313720703 -0.982340484857559204 0.031201347708702087 -0.838425233960151672 3.172110438346862793 -2.782002985477447510 -0.410968154668807983 0.287209969945251942 -1.804167330265045166 -2.229142665863037109 -1.275324970483779907 -5.125425577163696289 -2.180245339870452881
1.370601847767829895 -0.288476087152957916 0.500789649784564972 -3.559908807277679443 1.141716301441192627 3.090253293514251709 0.685377165675163269 -2.414066910743713379 -0.515521027147769928 -2.446768343448638916 -2.026836186647415161 -4.127871513366699219 -4.517387270927429199
2.186414241790771484 -2.563922643661499023 -0.238520592451095581 1.920833200216293335 0.197248000651597977 0.469252023845911026 1.036997169256210327 -1.942947626113891602 -2.302315473556518555 -1.725758761167526245 -0.761065840721130371 -4.527962684631347656 -2.647538840770721436
2.591583251953125000 0.826651200652122498 -1.561533451080322266 -1.639845997095108032 0.926864326000213623 -0.093629881739616394 1.326772391796112061 -3.406922996044158936 0.316257439553737640 -2.059585869312286377 -2.168024361133575439 -4.759219646453857422 -4.678491830825805664
1.144300073385238647 -0.015027433633804321 0.753777205944061279 -0.390992451459169388 1.847088843584060669 4.855071544647216797 1.427692502737045288 -2.004877358675003052 -0.672624602913856506 -1.649695515632629395 -1.761911064386367798 -4.614498019218444824 -4.555655717849731445
-0.880262777209281921 -0.341790001839399338 2.051839530467987061 -3.370588243007659912 -0.821141146123409271 3.111554563045501709 0.305883899331092834 0.082483154721558094 0.006676822900772095 -1.718296408653259277 -2.180707573890686035 -4.248602151870727539 -4.486120223999023438
-2.281843364238739014 -2.616003036499023438 1.211643397808074951 -0.275799263268709183 1.781570494174957275 -2.076594710350036621 0.224944196641445160 -1.279405087232589722 -2.254699230194091797 -2.124339461326599121 -0.911497175693511963 -4.858392000198364258 -1.048434138298034668
-1.336937576532363892 -0.370175573974847794 2.697578668594360352 -2.664462149143218994 -0.411595404148101807 2.198878318071365356 -0.521235942840576172 1.523986250162124634 -0.237061657011508942 -1.559955179691314697 -2.226003646850585938 -4.363474130630493164 -4.266397118568420410
-2.076459079980850220 0.485055152326822281 3.264377236366271973 -0.729640565812587738 -1.145924299955368042 -0.093360319733619690 0.584516923874616623 1.032896891236305237 -0.219866678118705750 -0.851217791438102722 -1.846879422664642334 -4.394515395164489746 -4.059077560901641846
0.289139941334724426 -4.269078493118286133 -1.551796525716781616 -2.420508146286010742 1.564614832401275635 -1.945748031139373779 -0.252580709755420685 -0.489559650421142578 -2.723463594913482666 -3.149538040161132812 -1.051294758915901184 -5.092494368553161621 2.111089497804641724
-0.831616401672363281 -3.346860408782958984 -1.258056372404098511 -2.238793313503265381 1.648455619812011719 -2.542225360870361328 0.838419049978256226 -1.408890634775161743 -2.343173682689666748 -2.934120595455169678 -1.271072000265121460 -4.834199547767639160 -1.740318834781646729
-0.866365015506744385 -2.880919575691223145 -1.572714537382125854 -2.132191300392150879 1.662468910217285156 -2.516296744346618652 0.986989632248878479 -1.801380842924118042 -2.051547169685363770 -2.874181509017944336 -1.354986369609832764 -4.882119417190551758 -2.840622544288635254
-2.081951618194580078 -4.797586560249328613 -1.010851487517356873 -2.074973285198211670 2.004410326480865479 -2.464296281337738037 -0.492860477417707443 -0.575277231633663177 -2.921907663345336914 -3.097011387348175049 -0.799722999334335327 -4.962164998054504395 4.381529092788696289
-4.202023386955261230 -2.712086200714111328 -0.267645902931690216 3.464237689971923828 -0.503716457635164261 -1.703316926956176758 1.698351621627807617 -0.198988668620586395 -2.929964125156402588 -0.812535867094993591 1.171350002288818359 -4.775268077850341797 -1.356192350387573242
-4.027025699615478516 -4.116846442222595215 -0.221684388816356659 0.303581260144710541 -0.052753413096070290 -1.637350708246231079 1.860136508941650391 -0.924006342887878418 -2.894146919250488281 -2.340990006923675537 -0.010492563247680664 -4.838143944740295410 -0.177769541740417480
-3.880518019199371338 -4.348809123039245605 -0.503311045467853546 -0.665504284203052521 -0.148563705384731293 -0.791177138686180115 1.359591484069824219 -1.152710825204849243 -2.898674964904785156 -2.810411572456359863 -0.218598842620849609 -4.899330496788024902 -1.451306819915771484
-4.790302991867065430 -3.658343315124511719 -0.834516122937202454 0.387564465403556824 -0.851674482226371765 -0.204789588227868080 1.510584384202957153 -0.586930915713310242 -2.546744585037231445 -2.204900741577148438 0.452770963311195374 -4.894555091857910156 -2.959560513496398926
-1.148456752300262451 0.892675787210464478 2.740895628929138184 0.849691852927207947 -2.586199641227722168 6.116113185882568359 1.284696370363235474 -2.496624588966369629 1.768071979284286499 0.658059716224670410 -1.856053173542022705 -4.679755091667175293 -3.363564789295196533
-2.375565677881240845 -1.940156757831573486 2.961260974407196045 -2.080015957355499268 -0.052176672965288162 2.443825066089630127 -1.419017970561981201 -0.546471476554870605 -0.839354246854782104 -2.024224668741226196 -1.669295102357864380 -4.314439296722412109 -2.652646839618682861
-1.473611503839492798 0.143273178488016129 2.314348578453063965 -1.083446934819221497 -2.751109182834625244 4.941147327423095703 -1.307715386152267456 0.474716041237115860 1.100591182708740234 -0.449525870382785797 -1.687598735094070435 -4.764864444732666016 -2.846976518630981445
0.659675374627113342 -0.099900957196950912 4.109948158264160156 -0.141142886132001877 -3.841615557670593262 5.970212936401367188 -1.952471703290939331 3.340116798877716064 1.387348473072052002 0.761904463171958923 -2.013866782188415527 -4.522819399833679199 -3.584841370582580566
1.661460846662521362 -1.736032158136367798 -2.198452889919281006 4.263038158416748047 -1.181070044636726379 5.281430959701538086 -0.658886887133121490 -1.856892913579940796 -2.085496902465820312 -0.312325086444616318 1.968406587839126587 -5.158159255981445312 -2.732921302318572998
0.930074542760848999 -2.458623886108398438 -1.323070734739303589 2.036044836044311523 -2.223375350236892700 3.734522581100463867 -0.911275193095207214 -0.055272355675697327 -1.877626687288284302 -0.990506887435913086 1.234577730298042297 -4.974231839179992676 -3.610974252223968506
-1.400675892829895020 -2.630296349525451660 -0.496085900813341141 -0.877074941992759705 -1.001493573188781738 5.326212763786315918 1.165237829089164734 -2.087093412876129150 -1.620876580476760864 -1.995378881692886353 -0.925553917884826660 -4.813770651817321777 -0.691275507211685181
-2.620975852012634277 -0.447098575532436371 0.932104900479316711 2.479719102382659912 -2.091390371322631836 2.123972922563552856 -1.521066069602966309 1.794385433197021484 -0.603295452892780304 0.514168903231620789 0.355435416102409363 -4.771332144737243652 -2.242751061916351318
2.184293180704116821 0.628092706203460693 1.989029109477996826 3.268149912357330322 -0.266359485685825348 1.253808125853538513 -0.302634336054325104 -0.905828475952148438 -0.456629224121570587 0.676980286836624146 -1.278430730104446411 -4.812978386878967285 -3.937636137008666992
-0.249183017760515213 1.635797709226608276 4.240870594978332520 -0.909709893167018890 -2.734443336725234985 6.751723289489746094 1.070502020418643951 -1.401511356234550476 2.610846340656280518 0.347368270158767700 -2.720395028591156006 -4.411646604537963867 -4.481790423393249512
-2.357315301895141602 2.707851529121398926 1.802171319723129272 -0.288851544260978699 -1.107137367129325867 4.995555281639099121 2.141434490680694580 -1.971029251813888550 3.064858019351959229 0.243662185966968536 -2.409592330455780029 -5.076271295547485352 -4.714180588722229004
0.005729923956096172 2.420062422752380371 4.520842075347900391 -0.565225876867771149 -4.160339176654815674 5.076979279518127441 -0.408740639686584473 1.193031027913093567 2.999141573905944824 0.820317685604095459 -2.803404867649078369 -4.244789958000183105 -4.610757470130920410
0.649968922138214111 -2.548249900341033936 1.031891301274299622 -3.922203481197357178 1.534863799810409546 2.596654772758483887 0.979482814669609070 -0.214867965318262577 -2.189090251922607422 -3.020162343978881836 -1.973911523818969727 -3.017800390720367432 -3.783457756042480469
1.641654789447784424 -3.496823310852050781 -1.384023934602737427 -4.349251627922058105 -0.690535530447959900 3.310416758060455322 0.694781601428985596 1.595891416072845459 -2.598229348659515381 -3.346674978733062744 -1.582830220460891724 -4.557483196258544922 -3.421241998672485352
3.855812728404998779 -3.750014007091522217 -0.878321602940559387 -1.179738745093345642 -1.098322376608848572 2.030765831470489502 -0.372661150991916656 1.991424798965454102 -2.545638620853424072 -2.569542288780212402 -0.687208250164985657 -5.042810320854187012 -3.169932126998901367
2.309389948844909668 -3.700785815715789795 -0.527479622513055801 -3.496204435825347900 -1.333543807268142700 2.391627013683319092 1.099277287721633911 1.859891235828399658 -2.395529448986053467 -3.178938925266265869 -1.542352199554443359 -2.719946920871734619 -4.131756067276000977
1.768063575029373169 -4.703471302986145020 -1.280358225107192993 -2.800219297409057617 -0.982052519917488098 3.806916356086730957 0.508287530392408371 0.899779468774795532 -2.969056427478790283 -3.285116314888000488 -0.838925302028656006 -5.032790303230285645 -2.512516021728515625
0.012397136539220810 -3.665556013584136963 -0.687092036008834839 -3.565573573112487793 0.043400121852755547 1.999537765979766846 0.104718524962663651 0.097943807020783424 -2.599299430847167969 -3.153839588165283203 -1.354852169752120972 -4.686177730560302734 -2.492421030998229980
1.728213906288146973 -3.556073188781738281 -0.135209493339061737 -3.515846490859985352 -0.625425286591053009 3.855640649795532227 0.573538191616535187 0.687541678547859192 -2.482374429702758789 -3.037134826183319092 -1.610949605703353882 -4.434409499168395996 -3.318137645721435547
0.036416195333003998 -4.082334637641906738 -0.772026978433132172 -3.276734769344329834 -0.868519499897956848 2.885205864906311035 0.757365092635154724 -0.334846269339323044 -2.621994793415069580 -3.211398839950561523 -1.222068071365356445 -4.416064500808715820 -3.115533113479614258
4.242120862007141113 -2.533152222633361816 -1.496919006109237671 2.968325376510620117 0.316795043647289276 -1.287430763244628906 0.030972145497798920 -2.417861342430114746 -2.541633725166320801 -1.320478796958923340 -0.552541788667440414 -4.894400477409362793 -1.461169332265853882
5.177567362785339355 -2.029711991548538208 -0.172886341810226440 3.334649085998535156 -2.535713434219360352 -0.669827580451965332 -0.753317996859550476 -1.983580440282821655 -1.916562229394912720 -0.489948205649852753 -1.127227619290351868 -4.829532980918884277 -3.112325370311737061
1.792122691869735718 -2.002125084400177002 -0.815743550658226013 3.708176851272583008 -0.661704108119010925 2.439505696296691895 -0.104742594063282013 -3.099795818328857422 -2.183204114437103271 -0.253235444426536560 -0.378430880606174469 -4.929183840751647949 -1.134607642889022827
5.260439157485961914 -2.972116649150848389 -1.735376387834548950 2.995944499969482422 -0.705237582325935364 -1.229162707924842834 0.342038322240114212 -2.515168249607086182 -2.713080346584320068 -1.443375229835510254 -0.545759242027997971 -4.964776039123535156 -2.630687177181243896
4.656822323799133301 -1.195345878601074219 -0.782585307955741882 6.527454614639282227 -1.874757558107376099 -1.127470389008522034 -0.213110975921154022 -4.293716490268707275 -2.115442633628845215 1.142545700073242188 -1.037568673491477966 -4.753243923187255859 -1.730048596858978271
2.448340356349945068 -0.130376912653446198 1.677827686071395874 5.010329246520996094 -3.529124796390533447 0.409654261544346809 -1.540064692497253418 -1.761667877435684204 -0.958597704768180847 1.714691340923309326 -1.047443494200706482 -4.484304904937744141 -2.020110905170440674
4.976436972618103027 -1.932089924812316895 0.047538258135318756 3.976365566253662109 -2.321083724498748779 -1.365576207637786865 -0.069852482527494431 -1.674795001745223999 -2.034816294908523560 -0.332018971443176270 -1.033991329371929169 -4.543056011199951172 -2.393193483352661133
1.364966571331024170 0.063830949366092682 1.574527710676193237 1.950809091329574585 -2.797023355960845947 0.472098289057612419 -0.669693008065223694 -1.067032486200332642 -0.511750638484954834 0.125211268663406372 -1.372554004192352295 -4.689846158027648926 -3.505887031555175781
1.315316706895828247 -3.309457778930664062 0.035834699869155884 -2.690708160400390625 1.157167345285415649 6.574413537979125977 0.055116932839155197 0.897788137197494507 -2.312451720237731934 -2.663794398307800293 -1.241134405136108398 -4.880795478820800781 -3.168694078922271729
1.420394867658615112 -3.411783158779144287 0.049945160746574402 -3.609617829322814941 0.980013072490692139 7.253939628601074219 1.667126417160034180 1.284320563077926636 -2.311609685420989990 -2.967184066772460938 -1.916014909744262695 -4.180003166198730469 -3.305548787117004395
1.608715444803237915 -3.202997684478759766 0.179084300994873047 -4.284312129020690918 0.452490486204624176 5.447188615798950195 1.499416917562484741 0.601333498954772949 -2.413897156715393066 -3.207563936710357666 -2.001177132129669189 -3.408237695693969727 -3.855718016624450684
0.235739961266517639 -1.328673511743545532 0.994623571634292603 -3.569672644138336182 0.597563665360212326 5.124479651451110840 2.009236007928848267 -0.032576818950474262 -0.900344461202621460 -2.356199204921722412 -2.165756046772003174 -3.704639196395874023 -4.269783377647399902
0.098259684629738331 -2.410657763481140137 -0.301459014415740967 -4.329515933990478516 0.155580192804336548 1.837985083460807800 1.165097981691360474 0.017610690556466579 -1.925578325986862183 -2.965732336044311523 -1.713799744844436646 -3.379484117031097412 -4.116960048675537109
-1.888038665056228638 -3.367738008499145508 -3.650124907493591309 -2.846463382244110107 0.127443384379148483 -0.788276404142379761 1.180768042802810669 0.266779989004135132 -2.642919778823852539 -3.360295534133911133 -0.656115725636482239 -5.179951786994934082 -2.966252565383911133
-1.457164138555526733 -2.406197249889373779 -0.718209803104400635 -3.029954433441162109 0.713192850351333618 -2.250020921230316162 0.702085331082344055 -1.641734480857849121 -1.696496129035949707 -2.720693707466125488 -1.584442049264907837 -4.513548016548156738 -3.891039013862609863
-3.110843002796173096 -4.089649200439453125 -0.776773482561111450 -1.244820892810821533 -0.534527562558650970 -0.391155704855918884 0.209079161286354065 -0.749656736850738525 -2.712474763393402100 -2.818945825099945068 -0.516143314540386200 -5.033236861228942871 -0.742167040705680847
