163   0   0   0   0   0   0   0   0   1
151   1   4   1   0   0   7   0   0   0
 26   4  78   4  35   0  11   3   0   3
 77   2  37   0  29   0  12   3   0   4
  0 154   1   9   0   0   0   0   0   0
  1 156   1   3   0   0   0   0   3   0
  5 131   1  11   1   0   0   1  13   1
  4 124   1  28   2   0   0   0   5   0
  0   0 148   4  11   0   0   1   0   0
  0   0 157   1   6   0   0   0   0   0
  3   4  71  13  48   1   4   8   8   4
  4   3 123   1  29   0   4   0   0   0
  0   3   0 157   4   0   0   0   0   0
  0  21   0 143   0   0   0   0   0   0
  1  12  13 132   4   2   0   0   0   0
  3  94   0  61   2   4   0   0   0   0
  0   0   0   3 159   0   2   0   0   0
  1   0  12   3 148   0   0   0   0   0
  4   0  53   1 105   0   1   0   0   0
 16   3  17   3  78   0  29   7   1  10
  0   0   0   0   0 164   0   0   0   0
  0   0   0   0   0 164   0   0   0   0
  0   1   0   0   0 163   0   0   0   0
  0   0   0   0   0 163   0   0   1   0
  2   1   6   2   0   0 144   8   1   0
  0   0   0   0   0   0 164   0   0   0
  7   1  10   1  10   9  92  26   0   8
 12   0  22   5  33   2  80   3   2   5
  0   0   0   0   0   0   0 163   0   1
  0   0   0   0   0   0   7 152   1   4
  0   0   1   1   7   0   4 139   4   8
  3   4   2   6   2   0   7 135   0   5
  0   0   0   0   0   0   0   0 163   1
  0   0   0   0   0   0   0   0 164   0
  0   0   0   0   0   0   0   2 160   2
  1  11   0   4   0   0   0   1 147   0
  1   0   0   0   0   0   0   0   1 162
  1   0   0   0   0   0   0   0   0 163
 42   4  20   9   6   1  27  17   0  38
 33   4   2   1   5   0   4   4  14  97
