163   0   0   0   1   0   0   0   0   0
160   0   0   4   0   0   0   0   0   0
137   0   0  24   1   0   1   1   0   0
120   3   2  21   0   0  13   4   1   0
  0 162   1   1   0   0   0   0   0   0
  0 163   1   0   0   0   0   0   0   0
  0 159   1   2   0   0   2   0   0   0
  0 163   0   1   0   0   0   0   0   0
  0   0 162   0   2   0   0   0   0   0
  1   0 163   0   0   0   0   0   0   0
  0   0 151   1  11   1   0   0   0   0
  0   0 163   1   0   0   0   0   0   0
  1   0   1 162   0   0   0   0   0   0
  0   0   1 162   1   0   0   0   0   0
  1   0   0 163   0   0   0   0   0   0
 20   0   0 143   0   0   0   0   0   1
  0   0   4   0 160   0   0   0   0   0
  1   2   0   0 161   0   0   0   0   0
  7   0  26   0 131   0   0   0   0   0
  0   0  35   0 129   0   0   0   0   0
  0   0   0   0   0 164   0   0   0   0
  0   0   0   0   0 163   0   0   1   0
  0   0   0   0   1 159   0   4   0   0
  0   2   0   0   1  78  65  15   3   0
  1   0   0   0   0   0 156   7   0   0
  0   0   0   0   0   0 160   4   0   0
  0   0   0   0   0  14 105  37   4   4
  4   1   1  52   0   1  60  39   4   2
  0   0   0   0   0   0   3 159   2   0
  2   0   0   0   0   0  19 143   0   0
  1   0   0   2   0   0  52 105   1   3
 11   0   1   1   0   0  53  96   2   0
  0   0   0   0   0   0   0   0 164   0
  0   0   0   0   0   0   0   0 163   1
  0   0   0   2   0   2   0   0 159   1
  0   0   0   0   0   4   0   0 160   0
  0   0   0   0   0   0   0   0   0 164
  0   0   0   0   0   0   0   2   2 160
  6   9   0  14   0   0   9  24   0 102
 16   5   0  10   0   1   9  16   1 106
