168   0   0   0   0   0   0   0   4   0
172   0   0   0   0   0   0   0   0   0
 14   4   6  29   1   0  38   2  77   1
164   3   0   0   0   0   0   0   5   0
  0 171   0   1   0   0   0   0   0   0
  1 170   0   0   0   0   0   1   0   0
  3 165   0   0   0   1   3   0   0   0
  0 172   0   0   0   0   0   0   0   0
  1   0 166   2   0   0   1   0   2   0
  0   0 165   0   0   4   2   1   0   0
  0   1  44   9   0  15  68   2  16  17
 11   2 123  11   0  18   2   0   5   0
  4   1   1 163   0   0   2   0   1   0
  0   0   1 161   0   0   1   2   4   3
  2   0   1  91   0   1  15   2   8  52
 22   6   4  83   0   9  25   3  20   0
  0   0   1   0 171   0   0   0   0   0
  0   0   0   1 170   1   0   0   0   0
  0   0  15   0 139  11   3   4   0   0
  5   0  11  11  95   8  19  21   2   0
  0   0   0   0   0 171   0   1   0   0
  0   0  15   2   0 155   0   0   0   0
  0   1  12   6  12 125  12   1   3   0
  3   2  10  21  16 107   9   0   4   0
  0   0   0   4   0   1 161   1   5   0
  0   2   0   0   0   3 155   0  12   0
 12  18   3  70   1   1  32   0  19  16
  1   0   9  20   4  12  77   6  15  28
  0   0   1   1   0   0   1 168   1   0
  0   0   0   2   0   0   1 169   0   0
  1   0   6   4   8   2   2 148   1   0
  4   0  12   2  12  15   9 116   2   0
  5   3   8   2   0   0   5   1 147   1
  0   1   0   0   0   2   5   0 164   0
 10   8  18   4   0   3  10   0 117   2
  0  97   3   0   3   8  13   0  48   0
  0   0   0   0   0   0   0   0   0 172
  0   0   0   1   0   0   0   0   0 171
  0   0   0   0   0   0   0   0   0 172
  0   0   0   2   0   0   0   0   1 169
